row	seed	threads	draw	outcome	moves	states	time	passes
1	239478	4	1	0	101	230600	0.646019	1
2	240315	4	1	0	111	95904	0.31008	1
3	241152	4	1	0	110	1695020	4.31114	1
4	241989	4	1	2	0	272913	0.937713	-1
5	242826	4	1	0	107	3780744	7.30254	1
6	243663	4	1	2	0	2972	0.119206	-1
7	244500	4	1	0	106	94892	0.328461	1
8	245337	4	1	2	0	1678	0.119429	-1
9	246174	4	1	2	0	1193306	3.46662	-1
10	247011	4	1	2	0	3139	0.124356	-1
11	247848	4	1	2	0	692	0.116623	-1
12	248685	4	1	2	0	70352	0.363886	-1
13	249522	4	1	2	0	21416	0.130721	-1
14	250359	4	1	2	0	21363	0.130924	-1
15	251196	4	1	2	0	3856334	9.7378	-1
16	252033	4	1	2	0	26942	0.163842	-1
17	252870	4	1	2	0	5933	0.122208	-1
18	253707	4	1	2	0	76398	0.277918	-1
19	254544	4	1	2	0	979607	2.81114	-1
20	255381	4	1	2	0	2185	0.116784	-1
21	256218	4	1	0	100	109114	0.3533	1
22	257055	4	1	2	0	134974	0.497883	-1
23	257892	4	1	2	0	675	0.117383	-1
24	258729	4	1	2	0	1552731	3.5041	-1
25	259566	4	1	2	0	50498	0.226148	-1
26	260403	4	1	2	0	3381799	7.02547	-1
27	261240	4	1	2	0	1614	0.120361	-1
28	262077	4	1	2	0	17271	0.12181	-1
29	262914	4	1	2	0	240	0.113514	-1
30	263751	4	1	2	0	56559	0.228259	-1
31	264588	4	1	2	0	375554	1.24577	-1
32	265425	4	1	2	0	278	0.117182	-1
33	266262	4	1	2	0	1661	0.116406	-1
34	267099	4	1	2	0	30220	0.154769	-1
35	267936	4	1	2	0	478440	1.3545	-1
36	268773	4	1	0	97	990771	2.47285	1
37	269610	4	1	2	0	198813	0.593744	-1
38	270447	4	1	2	0	12866	0.125715	-1
39	271284	4	1	2	0	50397	0.228763	-1
40	272121	4	1	0	102	1228051	2.80196	1
41	272958	4	1	2	0	105	0.118318	-1
42	273795	4	1	2	0	233245	0.721276	-1
43	274632	4	1	2	0	43324	0.225655	-1
44	275469	4	1	0	96	868575	2.01482	1
45	276306	4	1	2	0	47763	0.20668	-1
46	277143	4	1	2	0	33569	0.161101	-1
47	277980	4	1	2	0	5314	0.120459	-1
48	278817	4	1	2	0	1444525	3.60225	-1
49	279654	4	1	2	0	120064	0.444199	-1
50	280491	4	1	2	0	23521	0.13867	-1
51	281328	4	1	0	103	1983942	3.89058	1
52	282165	4	1	2	0	81679	0.310789	-1
53	283002	4	1	0	106	2482845	4.71461	1
54	283839	4	1	2	0	16913	0.123148	-1
55	284676	4	1	0	99	301016	0.796097	1
56	285513	4	1	2	0	5095196	9.42121	-1
57	286350	4	1	2	0	2209	0.12196	-1
58	287187	4	1	0	93	2106941	3.95859	1
59	288024	4	1	2	0	45641	0.217409	-1
60	288861	4	1	2	0	1251	0.117571	-1
61	289698	4	1	2	0	2776951	6.249	-1
62	290535	4	1	2	0	4159	0.119775	-1
63	291372	4	1	2	0	5925	0.123502	-1
64	292209	4	1	0	102	90279	0.354793	1
65	293046	4	1	2	0	17187822	34.0844	-1
66	293883	4	1	2	0	19823	0.129664	-1
67	294720	4	1	0	111	440859	1.20848	1
68	295557	4	1	2	0	411527	1.15467	-1
69	296394	4	1	0	96	467435	1.35666	1
70	297231	4	1	0	110	371901	1.11534	1
71	298068	4	1	2	0	517	0.116949	-1
72	298905	4	1	2	0	80	0.118423	-1
73	299742	4	1	2	0	66638	0.269174	-1
74	300579	4	1	2	0	3728	0.12055	-1
75	301416	4	1	2	0	928482	2.28581	-1
76	302253	4	1	0	112	108292	0.358626	1
77	303090	4	1	0	116	57676	0.230956	1
78	303927	4	1	2	0	180446	0.475928	-1
79	304764	4	1	2	0	159685	0.55257	-1
80	305601	4	1	2	0	2350	0.120301	-1
81	306438	4	1	2	0	78938	0.310011	-1
82	307275	4	1	2	0	38581	0.213163	-1
83	308112	4	1	2	0	5107	0.124263	-1
84	308949	4	1	0	103	550440	1.59106	1
85	309786	4	1	2	0	160833	0.557566	-1
86	310623	4	1	2	0	881221	2.37851	-1
87	311460	4	1	2	0	12699	0.124102	-1
88	312297	4	1	2	0	34875	0.169066	-1
89	313134	4	1	0	105	215150	0.659649	1
90	313971	4	1	2	0	847	0.116194	-1
91	314808	4	1	2	0	2119	0.116974	-1
92	315645	4	1	2	0	103611	0.384408	-1
93	316482	4	1	2	0	3090	0.117095	-1
94	317319	4	1	2	0	1031	0.119637	-1
95	318156	4	1	0	104	449618	1.27598	1
96	318993	4	1	2	0	45815	0.206714	-1
97	319830	4	1	2	0	18311	0.12389	-1
98	320667	4	1	0	99	360153	0.907114	1
99	321504	4	1	2	0	185221	0.602172	-1
100	322341	4	1	2	0	730	0.117779	-1
101	323178	4	1	2	0	3109	0.118406	-1
102	324015	4	1	2	0	74074	0.299191	-1
103	324852	4	1	2	0	38966	0.179698	-1
104	325689	4	1	2	0	2091	0.123334	-1
105	326526	4	1	2	0	6722	0.120398	-1
106	327363	4	1	0	110	1080020	2.80413	1
107	328200	4	1	0	111	1165354	2.88266	1
108	329037	4	1	0	106	127074	0.41295	1
109	329874	4	1	2	0	68858	0.275741	-1
110	330711	4	1	2	0	26350	0.152137	-1
111	331548	4	1	2	0	21988	0.126964	-1
112	332385	4	1	2	0	45533	0.206347	-1
113	333222	4	1	2	0	28972	0.161529	-1
114	334059	4	1	0	94	253009	0.579201	1
115	334896	4	1	2	0	51890	0.197229	-1
116	335733	4	1	2	0	2546	0.120309	-1
117	336570	4	1	2	0	98401	0.37703	-1
118	337407	4	1	2	0	27561	0.149796	-1
119	338244	4	1	2	0	46781	0.184438	-1
120	339081	4	1	2	0	63394	0.261535	-1
121	339918	4	1	2	0	3952807	7.74803	-1
122	340755	4	1	2	0	3953	0.118799	-1
123	341592	4	1	2	0	111500	0.425274	-1
124	342429	4	1	0	116	3341484	7.05648	1
125	343266	4	1	2	0	2474	0.120826	-1
126	344103	4	1	2	0	141925	0.519763	-1
127	344940	4	1	2	0	4500	0.118544	-1
128	345777	4	1	0	102	251900	0.838713	1
129	346614	4	1	0	107	9732668	14.8818	1
130	347451	4	1	0	105	1356059	3.09938	1
131	348288	4	1	2	0	483142	1.39992	-1
132	349125	4	1	0	109	3185407	7.31847	1
133	349962	4	1	2	0	111189	0.36224	-1
134	350799	4	1	2	0	6476576	13.0524	-1
135	351636	4	1	0	107	143899	0.48228	1
136	352473	4	1	2	0	14112	0.127678	-1
137	353310	4	1	0	103	339931	0.977979	1
138	354147	4	1	2	0	172800	0.581809	-1
139	354984	4	1	2	0	211267	0.660954	-1
140	355821	4	1	2	0	10527	0.119233	-1
141	356658	4	1	0	99	2884379	5.29552	1
142	357495	4	1	0	99	1212672	2.52777	1
143	358332	4	1	2	0	1266754	3.0795	-1
144	359169	4	1	2	0	1257	0.117512	-1
145	360006	4	1	2	0	467	0.11861	-1
146	360843	4	1	2	0	4472	0.118182	-1
147	361680	4	1	2	0	9412	0.125822	-1
148	362517	4	1	2	0	1342522	3.13091	-1
149	363354	4	1	2	0	167329	0.565257	-1
150	364191	4	1	0	111	139446	0.502681	1
151	365028	4	1	2	0	210316	0.689196	-1
152	365865	4	1	2	0	9926	0.124519	-1
153	366702	4	1	0	103	44092	0.191823	1
154	367539	4	1	2	0	6687	0.11833	-1
155	368376	4	1	2	0	359143	1.00092	-1
156	369213	4	1	0	99	658376	1.72943	1
157	370050	4	1	2	0	4376	0.118426	-1
158	370887	4	1	2	0	11449	0.122176	-1
159	371724	4	1	0	98	881021	2.06839	1
160	372561	4	1	2	0	14195	0.122335	-1
161	373398	4	1	2	0	354495	0.994107	-1
162	374235	4	1	2	0	1443755	3.90548	-1
163	375072	4	1	2	0	179343	0.544081	-1
164	375909	4	1	2	0	35	0.119943	-1
165	376746	4	1	0	108	153745	0.544996	1
166	377583	4	1	0	96	31759	0.141605	1
167	378420	4	1	2	0	752	0.120124	-1
168	379257	4	1	2	0	1160	0.120292	-1
169	380094	4	1	2	0	69308	0.28437	-1
170	380931	4	1	2	0	12811	0.125088	-1
171	381768	4	1	2	0	489288	1.44706	-1
172	382605	4	1	0	100	4021809	8.63391	1
173	383442	4	1	0	95	248555	0.635479	1
174	384279	4	1	0	98	289034	0.830371	1
175	385116	4	1	2	0	19993	0.127365	-1
176	385953	4	1	2	0	2934	0.122566	-1
177	386790	4	1	2	0	62108	0.256623	-1
178	387627	4	1	2	0	11642	0.125884	-1
179	388464	4	1	2	0	13698	0.120907	-1
180	389301	4	1	2	0	19414	0.124238	-1
181	390138	4	1	2	0	55510	0.231357	-1
182	390975	4	1	2	0	104043	0.388607	-1
183	391812	4	1	2	0	15383	0.123981	-1
184	392649	4	1	2	0	5279	0.118459	-1
185	393486	4	1	2	0	249910	0.787849	-1
186	394323	4	1	0	105	331749	0.979792	1
187	395160	4	1	2	0	741594	1.8759	-1
188	395997	4	1	2	0	25613	0.141845	-1
189	396834	4	1	0	100	832831	1.99851	1
190	397671	4	1	0	102	1532976	3.54524	1
191	398508	4	1	2	0	155132	0.524138	-1
192	399345	4	1	2	0	209	0.117916	-1
193	400182	4	1	2	0	5024	0.121363	-1
194	401019	4	1	2	0	1345	0.118775	-1
195	401856	4	1	0	110	5612059	11.4179	1
196	402693	4	1	0	110	2141709	4.28549	1
197	403530	4	1	2	0	7115	0.119623	-1
198	404367	4	1	0	121	173467	0.560527	1
199	405204	4	1	2	0	22689	0.13482	-1
200	406041	4	1	2	0	140191	0.471261	-1
201	406878	4	1	2	0	19327	0.122253	-1
202	407715	4	1	2	0	144596	0.571988	-1
203	408552	4	1	2	0	14353	0.120962	-1
204	409389	4	1	0	110	4291885	9.0427	1
205	410226	4	1	2	0	6985	0.118837	-1
206	411063	4	1	2	0	24143	0.132841	-1
207	411900	4	1	2	0	232461	0.661755	-1
208	412737	4	1	0	110	7178963	14.9307	1
209	413574	4	1	2	0	516969	1.53256	-1
210	414411	4	1	2	0	25239	0.143193	-1
211	415248	4	1	0	107	3571952	6.95961	1
212	416085	4	1	2	0	21431	0.132768	-1
213	416922	4	1	2	0	64553	0.252784	-1
214	417759	4	1	2	0	116737	0.382773	-1
215	418596	4	1	0	101	1152410	2.56798	1
216	419433	4	1	2	0	1374	0.117289	-1
217	420270	4	1	0	102	483774	1.43313	1
218	421107	4	1	0	107	10441486	20.6738	1
219	421944	4	1	2	0	664539	1.87016	-1
220	422781	4	1	2	0	8472431	18.4039	-1
221	423618	4	1	2	0	53212	0.211414	-1
222	424455	4	1	2	0	625	0.119007	-1
223	425292	4	1	0	106	826818	2.21872	1
224	426129	4	1	2	0	45811	0.187202	-1
225	426966	4	1	2	0	37829	0.186684	-1
226	427803	4	1	2	0	420452	1.19765	-1
227	428640	4	1	2	0	673081	1.79059	-1
228	429477	4	1	2	0	114054	0.391806	-1
229	430314	4	1	2	0	592506	1.65315	-1
230	431151	4	1	2	0	935493	2.51855	-1
231	431988	4	1	2	0	31714	0.152099	-1
232	432825	4	1	2	0	8861	0.12022	-1
233	433662	4	1	2	0	669631	1.86287	-1
234	434499	4	1	2	0	394679	1.14339	-1
235	435336	4	1	0	97	343536	0.912845	1
236	436173	4	1	2	0	12	0.118927	-1
237	437010	4	1	2	0	480638	1.41798	-1
238	437847	4	1	2	0	342874	0.983475	-1
239	438684	4	1	0	103	1199032	2.69633	1
240	439521	4	1	2	0	2799	0.119534	-1
241	440358	4	1	2	0	65431	0.248838	-1
242	441195	4	1	2	0	3202060	6.66919	-1
243	442032	4	1	2	0	84100	0.332829	-1
244	442869	4	1	2	0	405113	1.23531	-1
245	443706	4	1	2	0	5576679	11.7916	-1
246	444543	4	1	0	103	233281	0.618115	1
247	445380	4	1	2	0	739651	2.13137	-1
248	446217	4	1	2	0	39478	0.168998	-1
249	447054	4	1	0	101	1545078	3.46746	1
250	447891	4	1	0	104	570265	1.4898	1
251	448728	4	1	2	0	21077	0.126039	-1
252	449565	4	1	0	110	341613	1.0017	1
253	450402	4	1	0	107	7412900	13.1824	1
254	451239	4	1	2	0	109197	0.396068	-1
255	452076	4	1	2	0	52444	0.192029	-1
256	452913	4	1	0	110	316536	0.907922	1
257	453750	4	1	2	0	1556	0.122109	-1
258	454587	4	1	0	107	2447382	4.68039	1
259	455424	4	1	0	100	238560	0.550699	1
260	456261	4	1	2	0	5966	0.11822	-1
261	457098	4	1	2	0	997121	2.73398	-1
262	457935	4	1	2	0	6827	0.121449	-1
263	458772	4	1	2	0	894	0.123524	-1
264	459609	4	1	2	0	67656	0.261632	-1
265	460446	4	1	2	0	271242	0.849745	-1
266	461283	4	1	2	0	68301	0.265071	-1
267	462120	4	1	2	0	1048551	2.6554	-1
268	462957	4	1	2	0	28788	0.146884	-1
269	463794	4	1	2	0	4877	0.122308	-1
270	464631	4	1	0	109	134645	0.479514	1
271	465468	4	1	2	0	19467	0.124411	-1
272	466305	4	1	0	98	2058244	4.26276	1
273	467142	4	1	2	0	2600	0.118228	-1
274	467979	4	1	2	0	31	0.116137	-1
275	468816	4	1	0	103	707860	1.99507	1
276	469653	4	1	2	0	4244	0.124353	-1
277	470490	4	1	2	0	90010	0.298284	-1
278	471327	4	1	2	0	311786	1.02026	-1
279	472164	4	1	2	0	373	0.118753	-1
280	473001	4	1	2	0	74372	0.272727	-1
281	473838	4	1	2	0	12938	0.1252	-1
282	474675	4	1	0	107	218044	0.698598	1
283	475512	4	1	2	0	168	0.116584	-1
284	476349	4	1	2	0	31221	0.154549	-1
285	477186	4	1	2	0	57675	0.255247	-1
286	478023	4	1	0	115	924535	2.29709	1
287	478860	4	1	0	95	154531	0.472885	1
288	479697	4	1	2	0	655	0.119805	-1
289	480534	4	1	0	111	29626	0.15665	1
290	481371	4	1	0	107	16746	0.117652	1
291	482208	4	1	2	0	528	0.118632	-1
292	483045	4	1	0	107	373529	1.1794	1
293	483882	4	1	2	0	2740	0.119621	-1
294	484719	4	1	2	0	21430	0.132214	-1
295	485556	4	1	2	0	46309	0.207791	-1
296	486393	4	1	2	0	1494211	3.53378	-1
297	487230	4	1	2	0	194106	0.690764	-1
298	488067	4	1	2	0	418393	1.08736	-1
299	488904	4	1	2	0	10380	0.121868	-1
300	489741	4	1	0	106	383080	1.0509	1
301	490578	4	1	2	0	648	0.118255	-1
302	491415	4	1	2	0	74186	0.272562	-1
303	492252	4	1	2	0	102019	0.379509	-1
304	493089	4	1	2	0	38691	0.166637	-1
305	493926	4	1	0	105	1633791	3.865	1
306	494763	4	1	2	0	55805	0.226665	-1
307	495600	4	1	0	109	311543	0.903052	1
308	496437	4	1	0	105	478113	1.32428	1
309	497274	4	1	2	0	61011	0.255345	-1
310	498111	4	1	2	0	223612	0.742713	-1
311	498948	4	1	2	0	409698	1.21072	-1
312	499785	4	1	0	96	165714	0.556985	1
313	500622	4	1	2	0	508590	1.35827	-1
314	501459	4	1	2	0	13605	0.122766	-1
315	502296	4	1	0	109	444160	1.24901	1
316	503133	4	1	2	0	24102	0.124445	-1
317	503970	4	1	2	0	694	0.119301	-1
318	504807	4	1	2	0	4901	0.119904	-1
319	505644	4	1	2	0	74075	0.291178	-1
320	506481	4	1	0	106	1132046	2.57335	1
321	507318	4	1	2	0	17056	0.123465	-1
322	508155	4	1	0	102	10852	0.114046	1
323	508992	4	1	2	0	11193	0.122234	-1
324	509829	4	1	2	0	7073	0.122085	-1
325	510666	4	1	2	0	100891	0.385183	-1
326	511503	4	1	2	0	663661	1.93409	-1
327	512340	4	1	0	100	1746058	3.36613	1
328	513177	4	1	2	0	604454	1.573	-1
329	514014	4	1	2	0	3774	0.119451	-1
330	514851	4	1	0	100	311735	0.775253	1
331	515688	4	1	2	0	14214	0.122239	-1
332	516525	4	1	0	105	11041381	19.0523	1
333	517362	4	1	0	109	986580	2.76013	1
334	518199	4	1	2	0	1233	0.117774	-1
335	519036	4	1	2	0	826	0.117819	-1
336	519873	4	1	2	0	11351	0.123396	-1
337	520710	4	1	2	0	47145	0.200925	-1
338	521547	4	1	2	0	493942	1.44031	-1
339	522384	4	1	0	102	444745	1.41497	1
340	523221	4	1	2	0	98744	0.389742	-1
341	524058	4	1	2	0	18119	0.123483	-1
342	524895	4	1	2	0	104167	0.383821	-1
343	525732	4	1	2	0	955718	2.40938	-1
344	526569	4	1	2	0	12421	0.122135	-1
345	527406	4	1	2	0	13176	0.124496	-1
346	528243	4	1	2	0	141242	0.482974	-1
347	529080	4	1	2	0	522705	1.52417	-1
348	529917	4	1	0	109	441961	1.22128	1
349	530754	4	1	2	0	3823	0.118034	-1
350	531591	4	1	2	0	1612	0.119344	-1
351	532428	4	1	2	0	17632	0.124203	-1
352	533265	4	1	0	105	1405378	2.94838	1
353	534102	4	1	0	100	2418470	4.43102	1
354	534939	4	1	2	0	28132	0.144232	-1
355	535776	4	1	2	0	30	0.116131	-1
356	536613	4	1	0	109	2256720	4.99709	1
357	537450	4	1	2	0	2274	0.118435	-1
358	538287	4	1	2	0	42776	0.16499	-1
359	539124	4	1	2	0	26983	0.139557	-1
360	539961	4	1	2	0	7873	0.118811	-1
361	540798	4	1	0	103	98774	0.322509	1
362	541635	4	1	2	0	153366	0.484606	-1
363	542472	4	1	0	104	58577	0.211593	1
364	543309	4	1	0	103	1159796	2.98509	1
365	544146	4	1	0	109	1680250	3.72141	1
366	544983	4	1	0	100	694228	1.88129	1
367	545820	4	1	2	0	42642	0.191732	-1
368	546657	4	1	0	105	3330644	6.97194	1
369	547494	4	1	2	0	4238	0.119988	-1
370	548331	4	1	2	0	192018	0.653926	-1
371	549168	4	1	2	0	1547326	3.55502	-1
372	550005	4	1	0	107	1456202	3.00797	1
373	550842	4	1	2	0	1043	0.124737	-1
374	551679	4	1	2	0	261485	0.811783	-1
375	552516	4	1	2	0	57387	0.24819	-1
376	553353	4	1	0	109	116523	0.389414	1
377	554190	4	1	0	108	72630	0.279723	1
378	555027	4	1	2	0	70578	0.268189	-1
379	555864	4	1	2	0	124920	0.417518	-1
380	556701	4	1	2	0	74328	0.295689	-1
381	557538	4	1	2	0	986944	2.67909	-1
382	558375	4	1	2	0	206842	0.686636	-1
383	559212	4	1	2	0	26827	0.143426	-1
384	560049	4	1	2	0	649382	1.82523	-1
385	560886	4	1	0	101	135064	0.444965	1
386	561723	4	1	2	0	11569	0.122326	-1
387	562560	4	1	2	0	124822	0.446512	-1
388	563397	4	1	0	104	432803	1.24138	1
389	564234	4	1	2	0	15286971	35.3684	-1
390	565071	4	1	2	0	94047	0.349858	-1
391	565908	4	1	2	0	16115	0.125574	-1
392	566745	4	1	2	0	2681	0.123751	-1
393	567582	4	1	2	0	7841	0.122022	-1
394	568419	4	1	2	0	175500	0.548757	-1
395	569256	4	1	2	0	320834	0.972654	-1
396	570093	4	1	0	110	6880755	12.8221	1
397	570930	4	1	0	115	1073744	2.66621	1
398	571767	4	1	0	119	1910555	4.28079	1
399	572604	4	1	2	0	20403	0.123767	-1
400	573441	4	1	2	0	20660	0.123047	-1
401	574278	4	1	2	0	811688	2.40273	-1
402	575115	4	1	0	117	1159500	2.89684	1
403	575952	4	1	2	0	124944	0.442167	-1
404	576789	4	1	0	109	767335	2.1762	1
405	577626	4	1	0	98	538758	1.43484	1
406	578463	4	1	0	97	8652992	13.6903	1
407	579300	4	1	2	0	801262	2.12572	-1
408	580137	4	1	2	0	55305	0.228598	-1
409	580974	4	1	2	0	18763	0.123926	-1
410	581811	4	1	2	0	407	0.117568	-1
411	582648	4	1	2	0	28323	0.140603	-1
412	583485	4	1	2	0	1136	0.118481	-1
413	584322	4	1	0	106	950858	2.55517	1
414	585159	4	1	2	0	8139	0.11984	-1
415	585996	4	1	2	0	34	0.116934	-1
416	586833	4	1	0	107	118401	0.404896	1
417	587670	4	1	2	0	1255	0.12091	-1
418	588507	4	1	2	0	43681	0.194405	-1
419	589344	4	1	0	108	1493129	3.28492	1
420	590181	4	1	0	108	988642	2.30374	1
421	591018	4	1	0	106	139899	0.454745	1
422	591855	4	1	2	0	16449	0.125342	-1
423	592692	4	1	2	0	126722	0.403669	-1
424	593529	4	1	2	0	53110	0.234508	-1
425	594366	4	1	0	97	179894	0.516571	1
426	595203	4	1	2	0	98117	0.329899	-1
427	596040	4	1	2	0	4117	0.119521	-1
428	596877	4	1	2	0	234	0.116087	-1
429	597714	4	1	2	0	309323	0.993124	-1
430	598551	4	1	2	0	99682	0.36462	-1
431	599388	4	1	2	0	1564	0.12111	-1
432	600225	4	1	2	0	61	0.119073	-1
433	601062	4	1	0	102	1203427	2.54678	1
434	601899	4	1	2	0	5006	0.121496	-1
435	602736	4	1	2	0	3614	0.120493	-1
436	603573	4	1	2	0	6391	0.121067	-1
437	604410	4	1	0	102	2170642	4.01607	1
438	605247	4	1	2	0	301320	1.02586	-1
439	606084	4	1	2	0	14112	0.12683	-1
440	606921	4	1	2	0	3336	0.125841	-1
441	607758	4	1	2	0	120032	0.455288	-1
442	608595	4	1	2	0	48067	0.172996	-1
443	609432	4	1	2	0	6735	0.124976	-1
444	610269	4	1	2	0	11982	0.12316	-1
445	611106	4	1	2	0	101872	0.378468	-1
446	611943	4	1	2	0	1055554	2.59307	-1
447	612780	4	1	2	0	2542	0.121111	-1
448	613617	4	1	2	0	271941	0.770245	-1
449	614454	4	1	2	0	47467	0.205053	-1
450	615291	4	1	2	0	25616	0.141801	-1
451	616128	4	1	0	104	144108	0.467479	1
452	616965	4	1	0	113	350300	0.996483	1
453	617802	4	1	2	0	19486	0.126376	-1
454	618639	4	1	2	0	118810	0.408468	-1
455	619476	4	1	2	0	144	0.120282	-1
456	620313	4	1	2	0	18810	0.12435	-1
457	621150	4	1	2	0	21771	0.125953	-1
458	621987	4	1	2	0	124244	0.421667	-1
459	622824	4	1	2	0	16712	0.126603	-1
460	623661	4	1	2	0	5086	0.12044	-1
461	624498	4	1	2	0	70404	0.290287	-1
462	625335	4	1	2	0	8963	0.122903	-1
463	626172	4	1	2	0	67053	0.264203	-1
464	627009	4	1	2	0	135775	0.457104	-1
465	627846	4	1	2	0	22644	0.135281	-1
466	628683	4	1	0	103	39848	0.168546	1
467	629520	4	1	2	0	52272	0.21268	-1
468	630357	4	1	2	0	82903	0.28972	-1
469	631194	4	1	2	0	14715	0.126589	-1
470	632031	4	1	2	0	14339	0.125222	-1
471	632868	4	1	2	0	66778	0.268983	-1
472	633705	4	1	0	97	4237092	7.12878	1
473	634542	4	1	2	0	110029	0.402665	-1
474	635379	4	1	2	0	90340	0.317311	-1
475	636216	4	1	2	0	136484	0.423301	-1
476	637053	4	1	2	0	738887	2.07166	-1
477	637890	4	1	2	0	3367	0.120951	-1
478	638727	4	1	0	107	929173	2.3517	1
479	639564	4	1	2	0	5202	0.120089	-1
480	640401	4	1	2	0	547	0.119835	-1
481	641238	4	1	2	0	18162	0.129559	-1
482	642075	4	1	0	111	636729	1.66614	1
483	642912	4	1	0	111	115414	0.418821	1
484	643749	4	1	0	111	8414083	16.3151	1
485	644586	4	1	0	104	17669597	29.0985	1
486	645423	4	1	2	0	8760	0.124164	-1
487	646260	4	1	2	0	861908	2.29239	-1
488	647097	4	1	2	0	6175	0.122617	-1
489	647934	4	1	2	0	1402629	3.50921	-1
490	648771	4	1	2	0	240033	0.836238	-1
491	649608	4	1	2	0	24160	0.138154	-1
492	650445	4	1	2	0	1276	0.124329	-1
493	651282	4	1	2	0	16411	0.124386	-1
494	652119	4	1	2	0	41326	0.178106	-1
495	652956	4	1	2	0	4246	0.121802	-1
496	653793	4	1	0	97	269369	0.699611	1
497	654630	4	1	2	0	696474	1.81926	-1
498	655467	4	1	2	0	99177	0.380818	-1
499	656304	4	1	2	0	14160	0.124752	-1
500	657141	4	1	2	0	103710	0.356663	-1
501	657978	4	1	0	111	79388	0.291732	1
502	658815	4	1	2	0	536041	1.51698	-1
503	659652	4	1	2	0	101	0.116316	-1
504	660489	4	1	0	104	190586	0.606667	1
505	661326	4	1	2	0	1155814	2.95178	-1
506	662163	4	1	0	103	153844	0.512804	1
507	663000	4	1	2	0	64402	0.269501	-1
508	663837	4	1	2	0	43390	0.192469	-1
509	664674	4	1	2	0	47292	0.206473	-1
510	665511	4	1	2	0	34725	0.175666	-1
511	666348	4	1	2	0	4593	0.121682	-1
512	667185	4	1	2	0	6917	0.121122	-1
513	668022	4	1	0	111	120711	0.423365	1
514	668859	4	1	2	0	16911	0.122524	-1
515	669696	4	1	2	0	262733	0.958418	-1
516	670533	4	1	2	0	48901	0.209452	-1
517	671370	4	1	2	0	56433	0.255638	-1
518	672207	4	1	2	0	104656	0.371274	-1
519	673044	4	1	2	0	71173	0.289928	-1
520	673881	4	1	0	104	32263	0.148901	1
521	674718	4	1	2	0	5356	0.118443	-1
522	675555	4	1	0	99	1737205	3.54319	1
523	676392	4	1	2	0	1339	0.119662	-1
524	677229	4	1	2	0	20004	0.12574	-1
525	678066	4	1	2	0	5271	0.121136	-1
526	678903	4	1	2	0	913	0.122209	-1
527	679740	4	1	2	0	27712	0.14034	-1
528	680577	4	1	2	0	3179	0.120752	-1
529	681414	4	1	2	0	243656	0.812067	-1
530	682251	4	1	2	0	11378	0.123515	-1
531	683088	4	1	0	104	450402	1.33513	1
532	683925	4	1	2	0	3618	0.121937	-1
533	684762	4	1	2	0	16308	0.123514	-1
534	685599	4	1	2	0	1335	0.117962	-1
535	686436	4	1	2	0	36493	0.180511	-1
536	687273	4	1	2	0	3020	0.118362	-1
537	688110	4	1	2	0	47005	0.167345	-1
538	688947	4	1	0	119	3468498	7.61352	1
539	689784	4	1	2	0	2183651	4.81255	-1
540	690621	4	1	2	0	939880	2.3219	-1
541	691458	4	1	0	99	61158	0.209072	1
542	692295	4	1	2	0	1498	0.120179	-1
543	693132	4	1	2	0	818	0.12089	-1
544	693969	4	1	0	101	1894851	4.34711	1
545	694806	4	1	2	0	2960	0.122093	-1
546	695643	4	1	2	0	151921	0.444292	-1
547	696480	4	1	2	0	36568	0.182819	-1
548	697317	4	1	0	108	595842	1.49475	1
549	698154	4	1	2	0	335263	1.00365	-1
550	698991	4	1	2	0	42946	0.189566	-1
551	699828	4	1	2	0	346724	0.942676	-1
552	700665	4	1	2	0	530944	1.52758	-1
553	701502	4	1	2	0	179549	0.667271	-1
554	702339	4	1	0	108	854697	2.08838	1
555	703176	4	1	0	102	310889	1.0275	1
556	704013	4	1	2	0	8724	0.119662	-1
557	704850	4	1	2	0	378777	1.13244	-1
558	705687	4	1	0	96	905616	2.32732	1
559	706524	4	1	2	0	57500	0.23967	-1
560	707361	4	1	2	0	11533	0.127691	-1
561	708198	4	1	2	0	2061	0.120158	-1
562	709035	4	1	0	106	1700668	3.75875	1
563	709872	4	1	2	0	833659	2.27227	-1
564	710709	4	1	0	98	28105	0.140834	1
565	711546	4	1	2	0	196984	0.675218	-1
566	712383	4	1	2	0	2559640	5.96099	-1
567	713220	4	1	2	0	8947	0.119748	-1
568	714057	4	1	0	109	4116589	8.16198	1
569	714894	4	1	2	0	7165	0.119978	-1
570	715731	4	1	0	106	487304	1.33752	1
571	716568	4	1	2	0	4060	0.119177	-1
572	717405	4	1	2	0	235470	0.823825	-1
573	718242	4	1	0	104	895443	2.3039	1
574	719079	4	1	2	0	1734	0.120697	-1
575	719916	4	1	2	0	2087264	5.02303	-1
576	720753	4	1	2	0	92738	0.336522	-1
577	721590	4	1	2	0	97494	0.388957	-1
578	722427	4	1	0	110	624914	1.86709	1
579	723264	4	1	2	0	90139	0.377029	-1
580	724101	4	1	0	99	59158	0.237664	1
581	724938	4	1	2	0	57449	0.238002	-1
582	725775	4	1	2	0	14643	0.124567	-1
583	726612	4	1	2	0	1411100	3.81855	-1
584	727449	4	1	2	0	3494	0.118845	-1
585	728286	4	1	2	0	22325	0.126301	-1
586	729123	4	1	2	0	802	0.119913	-1
587	729960	4	1	2	0	97650	0.373191	-1
588	730797	4	1	2	0	105889	0.418076	-1
589	731634	4	1	2	0	1753926	4.15469	-1
590	732471	4	1	2	0	21256	0.130594	-1
591	733308	4	1	2	0	49167	0.201096	-1
592	734145	4	1	2	0	3034	0.123081	-1
593	734982	4	1	0	112	189307	0.597882	1
594	735819	4	1	2	0	30	0.120684	-1
595	736656	4	1	2	0	20826	0.124685	-1
596	737493	4	1	2	0	13370	0.121641	-1
597	738330	4	1	0	114	2791327	6.45094	1
598	739167	4	1	2	0	11035	0.120979	-1
599	740004	4	1	2	0	47750	0.190897	-1
600	740841	4	1	0	100	1750079	3.91195	1
601	741678	4	1	2	0	110139	0.380147	-1
602	742515	4	1	2	0	15524	0.122717	-1
603	743352	4	1	0	108	624810	1.69446	1
604	744189	4	1	2	0	69534	0.300795	-1
605	745026	4	1	0	114	1839870	4.0768	1
606	745863	4	1	2	0	3827	0.118883	-1
607	746700	4	1	2	0	43983	0.198678	-1
608	747537	4	1	2	0	169	0.121783	-1
609	748374	4	1	0	108	361560	1.07853	1
610	749211	4	1	2	0	47985	0.198432	-1
611	750048	4	1	2	0	176811	0.549191	-1
612	750885	4	1	2	0	5793	0.121278	-1
613	751722	4	1	0	112	661306	1.47889	1
614	752559	4	1	2	0	65663	0.24465	-1
615	753396	4	1	2	0	14977	0.123513	-1
616	754233	4	1	2	0	41093	0.198999	-1
617	755070	4	1	2	0	2455	0.121034	-1
618	755907	4	1	0	101	2625239	4.94253	1
619	756744	4	1	2	0	55936	0.246125	-1
620	757581	4	1	0	101	487804	1.17582	1
621	758418	4	1	2	0	1066	0.123798	-1
622	759255	4	1	2	0	3020998	6.4171	-1
623	760092	4	1	2	0	158210	0.51172	-1
624	760929	4	1	2	0	493447	1.47368	-1
625	761766	4	1	2	0	132747	0.451042	-1
626	762603	4	1	2	0	225447	0.70694	-1
627	763440	4	1	2	0	113474	0.415073	-1
628	764277	4	1	2	0	214100	0.74768	-1
629	765114	4	1	2	0	7659	0.123455	-1
630	765951	4	1	2	0	12040	0.126359	-1
631	766788	4	1	2	0	94632	0.364528	-1
632	767625	4	1	2	0	43761	0.186467	-1
633	768462	4	1	2	0	31034	0.173223	-1
634	769299	4	1	0	113	110026	0.372813	1
635	770136	4	1	2	0	51161	0.217414	-1
636	770973	4	1	0	101	1264614	2.36267	1
637	771810	4	1	0	101	186190	0.554104	1
638	772647	4	1	2	0	353154	1.21251	-1
639	773484	4	1	0	108	504701	1.40178	1
640	774321	4	1	2	0	1836	0.119506	-1
641	775158	4	1	2	0	105095	0.377296	-1
642	775995	4	1	0	106	1144397	2.82776	1
643	776832	4	1	2	0	762578	1.85266	-1
644	777669	4	1	2	0	111500	0.414585	-1
645	778506	4	1	0	99	30466	0.138674	1
646	779343	4	1	2	0	676739	1.99092	-1
647	780180	4	1	2	0	8727	0.124206	-1
648	781017	4	1	2	0	201663	0.684993	-1
649	781854	4	1	2	0	467	0.12181	-1
650	782691	4	1	0	111	799104	2.08982	1
651	783528	4	1	2	0	18333	0.125135	-1
652	784365	4	1	0	111	378253	0.933419	1
653	785202	4	1	2	0	170620	0.593452	-1
654	786039	4	1	0	100	295937	0.901367	1
655	786876	4	1	0	105	1259214	3.0201	1
656	787713	4	1	2	0	3867	0.120812	-1
657	788550	4	1	0	104	118670	0.404615	1
658	789387	4	1	2	0	166	0.120453	-1
659	790224	4	1	0	99	467414	1.22096	1
660	791061	4	1	0	107	589849	1.64953	1
661	791898	4	1	0	108	1246555	2.76634	1
662	792735	4	1	0	108	668710	1.82065	1
663	793572	4	1	0	97	5948023	10.3541	1
664	794409	4	1	0	88	471451	1.13079	1
665	795246	4	1	2	0	45014	0.203511	-1
666	796083	4	1	0	110	642380	1.69656	1
667	796920	4	1	2	0	67776	0.280391	-1
668	797757	4	1	2	0	123329	0.416428	-1
669	798594	4	1	2	0	33291	0.175225	-1
670	799431	4	1	2	0	1990	0.121043	-1
671	800268	4	1	2	0	52391	0.22116	-1
672	801105	4	1	2	0	104527	0.392304	-1
673	801942	4	1	2	0	267	0.118791	-1
674	802779	4	1	2	0	336164	0.996625	-1
675	803616	4	1	0	115	1078727	2.76572	1
676	804453	4	1	2	0	1045	0.120231	-1
677	805290	4	1	2	0	7583	0.121987	-1
678	806127	4	1	2	0	7210	0.121252	-1
679	806964	4	1	2	0	78319	0.287701	-1
680	807801	4	1	2	0	57950	0.230411	-1
681	808638	4	1	0	100	2827437	4.73709	1
682	809475	4	1	0	103	171313	0.490247	1
683	810312	4	1	2	0	23681	0.126102	-1
684	811149	4	1	0	104	324160	0.996163	1
685	811986	4	1	0	112	396946	1.15975	1
686	812823	4	1	2	0	261427	0.804309	-1
687	813660	4	1	2	0	23790	0.139508	-1
688	814497	4	1	2	0	180519	0.682855	-1
689	815334	4	1	0	102	367498	0.915473	1
690	816171	4	1	2	0	862361	2.37139	-1
691	817008	4	1	2	0	159	0.121063	-1
692	817845	4	1	2	0	20330	0.13301	-1
693	818682	4	1	0	115	4130414	9.02265	1
694	819519	4	1	2	0	9921	0.123459	-1
695	820356	4	1	2	0	157987	0.527963	-1
696	821193	4	1	2	0	7294	0.124844	-1
697	822030	4	1	2	0	2955	0.122043	-1
698	822867	4	1	2	0	9596	0.120241	-1
699	823704	4	1	2	0	8619	0.121448	-1
700	824541	4	1	0	110	81674	0.304706	1
701	825378	4	1	0	105	365993	0.974309	1
702	826215	4	1	0	104	2523240	4.97071	1
703	827052	4	1	2	0	3302	0.119788	-1
704	827889	4	1	2	0	183582	0.678523	-1
705	828726	4	1	0	97	120233	0.401633	1
706	829563	4	1	2	0	101331	0.3742	-1
707	830400	4	1	2	0	3036336	6.38747	-1
708	831237	4	1	2	0	516015	1.42593	-1
709	832074	4	1	0	107	542373	1.53394	1
710	832911	4	1	2	0	633	0.116455	-1
711	833748	4	1	0	105	1371513	3.21817	1
712	834585	4	1	2	0	46170	0.222689	-1
713	835422	4	1	2	0	125	0.123187	-1
714	836259	4	1	0	107	607814	1.55088	1
715	837096	4	1	2	0	1054	0.119089	-1
716	837933	4	1	0	97	33281	0.147768	1
717	838770	4	1	2	0	134956	0.439784	-1
718	839607	4	1	2	0	5488	0.121683	-1
719	840444	4	1	2	0	25800	0.132524	-1
720	841281	4	1	0	96	88074	0.306874	1
721	842118	4	1	0	103	230677	0.743077	1
722	842955	4	1	2	0	199760	0.633672	-1
723	843792	4	1	0	101	45381	0.191265	1
724	844629	4	1	2	0	25321	0.13553	-1
725	845466	4	1	2	0	61279	0.258543	-1
726	846303	4	1	0	115	772835	2.06045	1
727	847140	4	1	2	0	30816	0.164067	-1
728	847977	4	1	0	101	11735542	18.5899	1
729	848814	4	1	2	0	49170	0.189585	-1
730	849651	4	1	2	0	7774	0.122806	-1
731	850488	4	1	2	0	31976	0.177016	-1
732	851325	4	1	0	100	4774537	8.62576	1
733	852162	4	1	2	0	497	0.117412	-1
734	852999	4	1	2	0	3827	0.121856	-1
735	853836	4	1	2	0	2523	0.120591	-1
736	854673	4	1	2	0	100862	0.368089	-1
737	855510	4	1	2	0	28864	0.153893	-1
738	856347	4	1	0	106	868716	2.08619	1
739	857184	4	1	2	0	1023	0.118761	-1
740	858021	4	1	0	103	163735	0.541396	1
741	858858	4	1	2	0	4008	0.119687	-1
742	859695	4	1	2	0	3488	0.119376	-1
743	860532	4	1	2	0	768	0.120177	-1
744	861369	4	1	2	0	16888	0.125019	-1
745	862206	4	1	0	96	71887	0.259617	1
746	863043	4	1	2	0	1363	0.11702	-1
747	863880	4	1	2	0	58595	0.268163	-1
748	864717	4	1	2	0	48951	0.21818	-1
749	865554	4	1	2	0	93199	0.361106	-1
750	866391	4	1	2	0	823072	2.12815	-1
751	867228	4	1	0	107	913581	2.3903	1
752	868065	4	1	2	0	30776	0.139624	-1
753	868902	4	1	0	104	1990444	4.32973	1
754	869739	4	1	2	0	29720	0.151941	-1
755	870576	4	1	0	108	163122	0.562533	1
756	871413	4	1	0	103	189226	0.531178	1
757	872250	4	1	0	111	322948	0.939932	1
758	873087	4	1	2	0	1708	0.120687	-1
759	873924	4	1	0	105	158062	0.515676	1
760	874761	4	1	0	98	583437	1.5982	1
761	875598	4	1	2	0	78973	0.305548	-1
762	876435	4	1	2	0	109452	0.388652	-1
763	877272	4	1	0	109	220762	0.687471	1
764	878109	4	1	2	0	56695	0.221782	-1
765	878946	4	1	2	0	14266	0.121803	-1
766	879783	4	1	2	0	110569	0.356342	-1
767	880620	4	1	2	0	59097	0.234315	-1
768	881457	4	1	2	0	145549	0.546316	-1
769	882294	4	1	0	104	861531	2.32292	1
770	883131	4	1	2	0	56375	0.237987	-1
771	883968	4	1	0	110	107907	0.388555	1
772	884805	4	1	2	0	17837	0.12785	-1
773	885642	4	1	2	0	6240	0.120618	-1
774	886479	4	1	2	0	51920	0.236544	-1
775	887316	4	1	2	0	110432	0.42372	-1
776	888153	4	1	2	0	11546	0.12265	-1
777	888990	4	1	2	0	1535195	3.58783	-1
778	889827	4	1	2	0	322665	1.00607	-1
779	890664	4	1	2	0	3865	0.120811	-1
780	891501	4	1	2	0	5981	0.121923	-1
781	892338	4	1	0	101	223904	0.705823	1
782	893175	4	1	2	0	31844	0.148404	-1
783	894012	4	1	2	0	14712	0.121979	-1
784	894849	4	1	0	104	3191462	5.93104	1
785	895686	4	1	2	0	79773	0.333826	-1
786	896523	4	1	2	0	1351853	3.51885	-1
787	897360	4	1	0	103	700650	1.8126	1
788	898197	4	1	2	0	2037	0.119703	-1
789	899034	4	1	2	0	26937	0.140802	-1
790	899871	4	1	2	0	56615	0.232027	-1
791	900708	4	1	2	0	4720228	10.9459	-1
792	901545	4	1	0	111	146047	0.48582	1
793	902382	4	1	2	0	91868	0.348589	-1
794	903219	4	1	0	105	64752	0.267497	1
795	904056	4	1	0	109	876130	2.09347	1
796	904893	4	1	2	0	185	0.117298	-1
797	905730	4	1	0	102	156447	0.517254	1
798	906567	4	1	2	0	144302	0.498635	-1
799	907404	4	1	2	0	27084	0.148016	-1
800	908241	4	1	0	100	416797	1.12882	1
801	909078	4	1	2	0	74877	0.313084	-1
802	909915	4	1	2	0	1977	0.119133	-1
803	910752	4	1	2	0	41775	0.174589	-1
804	911589	4	1	2	0	69138	0.281493	-1
805	912426	4	1	2	0	1698	0.124959	-1
806	913263	4	1	0	103	832656	2.11431	1
807	914100	4	1	0	112	1669188	3.75804	1
808	914937	4	1	2	0	4233	0.120881	-1
809	915774	4	1	2	0	865065	2.10728	-1
810	916611	4	1	2	0	18521	0.124931	-1
811	917448	4	1	2	0	1241	0.118365	-1
812	918285	4	1	0	102	85367	0.306304	1
813	919122	4	1	2	0	74314	0.295096	-1
814	919959	4	1	0	113	1104229	2.69979	1
815	920796	4	1	2	0	585280	1.63909	-1
816	921633	4	1	2	0	314147	0.925597	-1
817	922470	4	1	2	0	388059	1.05901	-1
818	923307	4	1	2	0	6236	0.122356	-1
819	924144	4	1	0	96	81698	0.272871	1
820	924981	4	1	2	0	636	0.118667	-1
821	925818	4	1	2	0	136666	0.451817	-1
822	926655	4	1	2	0	5636974	11.5827	-1
823	927492	4	1	2	0	314191	1.02461	-1
824	928329	4	1	0	105	1365544	3.20039	1
825	929166	4	1	0	111	384872	1.1329	1
826	930003	4	1	2	0	69169	0.295825	-1
827	930840	4	1	2	0	6882	0.121829	-1
828	931677	4	1	2	0	199691	0.725816	-1
829	932514	4	1	0	99	1329471	3.21868	1
830	933351	4	1	2	0	1250260	3.23677	-1
831	934188	4	1	2	0	164772	0.54564	-1
832	935025	4	1	2	0	1535	0.121159	-1
833	935862	4	1	0	105	184093	0.609897	1
834	936699	4	1	0	102	710065	1.59944	1
835	937536	4	1	0	101	68915	0.244693	1
836	938373	4	1	0	104	1965321	4.49321	1
837	939210	4	1	2	0	72115	0.303601	-1
838	940047	4	1	2	0	20424	0.125322	-1
839	940884	4	1	2	0	4093	0.12056	-1
840	941721	4	1	0	112	37594	0.166904	1
841	942558	4	1	2	0	64298	0.29452	-1
842	943395	4	1	2	0	129	0.121866	-1
843	944232	4	1	0	99	419693	1.07563	1
844	945069	4	1	0	95	210236	0.603001	1
845	945906	4	1	2	0	8410	0.121946	-1
846	946743	4	1	2	0	1820651	4.24432	-1
847	947580	4	1	2	0	14547	0.122357	-1
848	948417	4	1	2	0	11760	0.120798	-1
849	949254	4	1	2	0	105170	0.396661	-1
850	950091	4	1	0	104	6417387	12.337	1
851	950928	4	1	2	0	659284	1.87945	-1
852	951765	4	1	2	0	194691	0.544055	-1
853	952602	4	1	0	104	112209	0.387203	1
854	953439	4	1	2	0	12624	0.122819	-1
855	954276	4	1	0	106	58992	0.218183	1
856	955113	4	1	2	0	10132	0.121163	-1
857	955950	4	1	2	0	345972	1.18635	-1
858	956787	4	1	2	0	7985	0.12283	-1
859	957624	4	1	2	0	139840	0.437594	-1
860	958461	4	1	2	0	44357	0.206081	-1
861	959298	4	1	2	0	73979	0.300121	-1
862	960135	4	1	2	0	93702	0.371504	-1
863	960972	4	1	0	104	1785094	3.66988	1
864	961809	4	1	2	0	34067	0.160862	-1
865	962646	4	1	0	96	57151	0.229338	1
866	963483	4	1	2	0	595613	1.52429	-1
867	964320	4	1	0	95	253248	0.742831	1
868	965157	4	1	2	0	235	0.120219	-1
869	965994	4	1	2	0	49296	0.218492	-1
870	966831	4	1	2	0	2046944	4.48563	-1
871	967668	4	1	0	109	262472	0.869062	1
872	968505	4	1	2	0	76594	0.314483	-1
873	969342	4	1	2	0	22527	0.135046	-1
874	970179	4	1	2	0	2660	0.12555	-1
875	971016	4	1	0	102	1527314	3.0425	1
876	971853	4	1	2	0	11851	0.128131	-1
877	972690	4	1	0	99	22049	0.120763	1
878	973527	4	1	2	0	1330	0.120957	-1
879	974364	4	1	0	104	509212	1.39538	1
880	975201	4	1	2	0	38900	0.171457	-1
881	976038	4	1	2	0	45054	0.200878	-1
882	976875	4	1	0	106	543248	1.46515	1
883	977712	4	1	2	0	47854	0.215134	-1
884	978549	4	1	0	99	43770	0.176324	1
885	979386	4	1	2	0	38718	0.177614	-1
886	980223	4	1	2	0	5074	0.124647	-1
887	981060	4	1	2	0	255949	0.811732	-1
888	981897	4	1	0	117	443410	1.08691	1
889	982734	4	1	2	0	4042	0.120502	-1
890	983571	4	1	2	0	46441	0.195612	-1
891	984408	4	1	2	0	948	0.119637	-1
892	985245	4	1	2	0	186	0.118276	-1
893	986082	4	1	2	0	24453	0.145011	-1
894	986919	4	1	2	0	5304182	10.5715	-1
895	987756	4	1	2	0	162337	0.596315	-1
896	988593	4	1	0	107	2034467	4.80063	1
897	989430	4	1	2	0	353704	1.17038	-1
898	990267	4	1	2	0	12311	0.123401	-1
899	991104	4	1	0	104	1068221	2.69264	1
900	991941	4	1	2	0	500922	1.56069	-1
901	992778	4	1	2	0	17574	0.124319	-1
902	993615	4	1	0	106	247507	0.708599	1
903	994452	4	1	2	0	14906	0.128765	-1
904	995289	4	1	2	0	5410786	11.9307	-1
905	996126	4	1	2	0	13306	0.122541	-1
906	996963	4	1	2	0	155	0.117337	-1
907	997800	4	1	0	99	4332651	6.76735	1
908	998637	4	1	0	103	54653	0.221092	1
909	999474	4	1	2	0	26	0.123937	-1
910	1000311	4	1	2	0	175662	0.575134	-1
911	1001148	4	1	2	0	1434093	3.7899	-1
912	1001985	4	1	2	0	121466	0.41934	-1
913	1002822	4	1	2	0	2503086	4.92472	-1
914	1003659	4	1	0	103	486854	1.43432	1
915	1004496	4	1	0	94	483548	1.13964	1
916	1005333	4	1	2	0	2765	0.119732	-1
917	1006170	4	1	2	0	1186503	3.00599	-1
918	1007007	4	1	2	0	65897	0.271691	-1
919	1007844	4	1	2	0	451734	1.24746	-1
920	1008681	4	1	2	0	1018027	2.53055	-1
921	1009518	4	1	2	0	857946	2.19719	-1
922	1010355	4	1	2	0	47459	0.206191	-1
923	1011192	4	1	2	0	23866	0.153941	-1
924	1012029	4	1	2	0	2327	0.124123	-1
925	1012866	4	1	0	97	2845083	4.53263	1
926	1013703	4	1	2	0	3160	0.120448	-1
927	1014540	4	1	2	0	39352	0.183545	-1
928	1015377	4	1	0	100	670803	1.67863	1
929	1016214	4	1	0	100	77711	0.2756	1
930	1017051	4	1	2	0	11555	0.122744	-1
931	1017888	4	1	2	0	390	0.118152	-1
932	1018725	4	1	2	0	23087	0.131896	-1
933	1019562	4	1	2	0	1416	0.119934	-1
934	1020399	4	1	2	0	75987	0.307159	-1
935	1021236	4	1	2	0	962412	2.50814	-1
936	1022073	4	1	0	107	522013	1.49029	1
937	1022910	4	1	2	0	22826	0.130218	-1
938	1023747	4	1	2	0	2193457	5.11004	-1
939	1024584	4	1	2	0	8438	0.123166	-1
940	1025421	4	1	0	98	1484282	2.89882	1
941	1026258	4	1	2	0	51772	0.216048	-1
942	1027095	4	1	2	0	49379	0.23193	-1
943	1027932	4	1	2	0	132503	0.519954	-1
944	1028769	4	1	2	0	14573	0.124755	-1
945	1029606	4	1	0	104	34257	0.157558	1
946	1030443	4	1	2	0	73253	0.291178	-1
947	1031280	4	1	2	0	17485	0.122735	-1
948	1032117	4	1	2	0	19147	0.126518	-1
949	1032954	4	1	2	0	4535	0.119459	-1
950	1033791	4	1	2	0	1189074	3.03323	-1
951	1034628	4	1	2	0	27528	0.153796	-1
952	1035465	4	1	2	0	76049	0.319764	-1
953	1036302	4	1	0	115	739861	1.92718	1
954	1037139	4	1	0	105	815787	1.97902	1
955	1037976	4	1	0	107	1137512	2.94322	1
956	1038813	4	1	2	0	60367	0.208706	-1
957	1039650	4	1	2	0	42680	0.201443	-1
958	1040487	4	1	0	105	296075	0.837269	1
959	1041324	4	1	2	0	1602	0.11896	-1
960	1042161	4	1	2	0	24421	0.143426	-1
961	1042998	4	1	2	0	15383	0.124237	-1
962	1043835	4	1	0	107	4110572	7.84702	1
963	1044672	4	1	2	0	15277	0.125926	-1
964	1045509	4	1	0	105	2182318	4.36579	1
965	1046346	4	1	2	0	506647	1.3859	-1
966	1047183	4	1	0	111	348383	1.18431	1
967	1048020	4	1	0	109	71698	0.297158	1
968	1048857	4	1	2	0	123081	0.420755	-1
969	1049694	4	1	0	103	25595	0.131937	1
970	1050531	4	1	0	103	45112	0.193045	1
971	1051368	4	1	0	99	546867	1.37977	1
972	1052205	4	1	2	0	790	0.117386	-1
973	1053042	4	1	0	106	656810	1.84482	1
974	1053879	4	1	0	106	440072	1.2088	1
975	1054716	4	1	2	0	34660	0.152898	-1
976	1055553	4	1	2	0	11744	0.124779	-1
977	1056390	4	1	2	0	45882	0.199365	-1
978	1057227	4	1	0	105	5881767	9.50605	1
979	1058064	4	1	2	0	277366	0.855593	-1
980	1058901	4	1	2	0	176094	0.550018	-1
981	1059738	4	1	2	0	29368	0.160794	-1
982	1060575	4	1	0	101	477754	1.42658	1
983	1061412	4	1	2	0	14554	0.126161	-1
984	1062249	4	1	2	0	152926	0.578608	-1
985	1063086	4	1	2	0	56028	0.221928	-1
986	1063923	4	1	2	0	52	0.117857	-1
987	1064760	4	1	2	0	730	0.118185	-1
988	1065597	4	1	2	0	147311	0.518925	-1
989	1066434	4	1	0	103	2273046	4.95626	1
990	1067271	4	1	2	0	143290	0.537689	-1
991	1068108	4	1	2	0	107969	0.388857	-1
992	1068945	4	1	2	0	88280	0.342841	-1
993	1069782	4	1	2	0	9607	0.123025	-1
994	1070619	4	1	2	0	345347	1.03785	-1
995	1071456	4	1	0	103	5017553	8.95352	1
996	1072293	4	1	2	0	2850480	6.96818	-1
997	1073130	4	1	2	0	5356	0.12738	-1
998	1073967	4	1	0	103	1624428	3.97312	1
999	1074804	4	1	2	0	3388	0.120798	-1
1000	1075641	4	1	2	0	2026618	4.12854	-1
1001	1076478	4	1	2	0	3839	0.122655	-1
1002	1077315	4	1	2	0	765964	2.07986	-1
1003	1078152	4	1	2	0	21549	0.124547	-1
1004	1078989	4	1	2	0	101580	0.391773	-1
1005	1079826	4	1	2	0	1159	0.118529	-1
1006	1080663	4	1	2	0	113802	0.511867	-1
1007	1081500	4	1	2	0	393	0.119645	-1
1008	1082337	4	1	2	0	6932	0.121314	-1
1009	1083174	4	1	2	0	449432	1.42966	-1
1010	1084011	4	1	2	0	160549	0.549781	-1
1011	1084848	4	1	2	0	252759	0.834443	-1
1012	1085685	4	1	0	109	94739	0.35163	1
1013	1086522	4	1	2	0	50443	0.20086	-1
1014	1087359	4	1	2	0	654	0.119521	-1
1015	1088196	4	1	0	109	223402	0.748995	1
1016	1089033	4	1	0	100	6187416	10.9363	1
1017	1089870	4	1	0	102	715792	1.90562	1
1018	1090707	4	1	2	0	753	0.120294	-1
1019	1091544	4	1	2	0	37873	0.178518	-1
1020	1092381	4	1	2	0	3101	0.125427	-1
1021	1093218	4	1	2	0	1876	0.120537	-1
1022	1094055	4	1	2	0	934	0.118864	-1
1023	1094892	4	1	2	0	248293	0.770311	-1
1024	1095729	4	1	2	0	64441	0.283372	-1
1025	1096566	4	1	2	0	193779	0.637097	-1
1026	1097403	4	1	2	0	16788	0.125991	-1
1027	1098240	4	1	0	98	561836	1.23004	1
1028	1099077	4	1	2	0	4437	0.118967	-1
1029	1099914	4	1	0	103	465043	1.27355	1
1030	1100751	4	1	2	0	86977	0.298568	-1
1031	1101588	4	1	0	108	1504499	3.53064	1
1032	1102425	4	1	0	111	182975	0.619187	1
1033	1103262	4	1	2	0	1036311	2.54049	-1
1034	1104099	4	1	0	101	97808	0.356445	1
1035	1104936	4	1	2	0	37050	0.169424	-1
1036	1105773	4	1	2	0	65084	0.26597	-1
1037	1106610	4	1	2	0	113231	0.396941	-1
1038	1107447	4	1	0	106	46096	0.205317	1
1039	1108284	4	1	2	0	39138	0.185289	-1
1040	1109121	4	1	2	0	32626	0.171262	-1
1041	1109958	4	1	2	0	5778	0.123505	-1
1042	1110795	4	1	2	0	708	0.11778	-1
1043	1111632	4	1	2	0	2749	0.120504	-1
1044	1112469	4	1	2	0	1138218	2.93671	-1
1045	1113306	4	1	2	0	95187	0.356608	-1
1046	1114143	4	1	2	0	515527	1.45184	-1
1047	1114980	4	1	2	0	6791898	13.3439	-1
1048	1115817	4	1	0	107	3492754	6.84012	1
1049	1116654	4	1	2	0	646	0.121078	-1
1050	1117491	4	1	2	0	2542	0.118993	-1
1051	1118328	4	1	2	0	55411	0.205954	-1
1052	1119165	4	1	2	0	492707	1.40065	-1
1053	1120002	4	1	0	101	365433	0.929008	1
1054	1120839	4	1	2	0	390411	1.12046	-1
1055	1121676	4	1	2	0	167	0.115224	-1
1056	1122513	4	1	2	0	15285	0.123099	-1
1057	1123350	4	1	0	109	43405	0.195597	1
1058	1124187	4	1	0	108	224699	0.70428	1
1059	1125024	4	1	0	103	8904	0.111735	1
1060	1125861	4	1	2	0	1575844	4.02201	-1
1061	1126698	4	1	2	0	107358	0.423574	-1
1062	1127535	4	1	2	0	3440	0.123602	-1
1063	1128372	4	1	2	0	1040517	2.5572	-1
1064	1129209	4	1	0	99	1957718	3.66789	1
1065	1130046	4	1	0	105	670537	2.05462	1
1066	1130883	4	1	2	0	16763	0.124161	-1
1067	1131720	4	1	2	0	440779	1.22182	-1
1068	1132557	4	1	0	106	177341	0.571538	1
1069	1133394	4	1	2	0	187484	0.627322	-1
1070	1134231	4	1	2	0	44207	0.205777	-1
1071	1135068	4	1	2	0	9053	0.125659	-1
1072	1135905	4	1	2	0	467063	1.47592	-1
1073	1136742	4	1	0	105	327892	0.953257	1
1074	1137579	4	1	0	105	99094	0.362238	1
1075	1138416	4	1	2	0	7939	0.1222	-1
1076	1139253	4	1	2	0	1297300	3.30796	-1
1077	1140090	4	1	0	107	13131	0.113023	1
1078	1140927	4	1	0	103	11032669	20.3765	1
1079	1141764	4	1	2	0	153917	0.514934	-1
1080	1142601	4	1	2	0	1701207	4.0625	-1
1081	1143438	4	1	2	0	238	0.119833	-1
1082	1144275	4	1	2	0	150724	0.457734	-1
1083	1145112	4	1	0	99	2218797	3.69885	1
1084	1145949	4	1	0	112	724327	1.91016	1
1085	1146786	4	1	0	104	706714	1.99352	1
1086	1147623	4	1	2	0	465168	1.44737	-1
1087	1148460	4	1	2	0	473	0.117819	-1
1088	1149297	4	1	2	0	33586	0.170678	-1
1089	1150134	4	1	2	0	189999	0.732491	-1
1090	1150971	4	1	2	0	11324	0.12286	-1
1091	1151808	4	1	2	0	4753	0.119665	-1
1092	1152645	4	1	2	0	2513	0.119952	-1
1093	1153482	4	1	0	111	1746025	4.18415	1
1094	1154319	4	1	2	0	65615	0.249787	-1
1095	1155156	4	1	2	0	2928	0.128732	-1
1096	1155993	4	1	2	0	34644	0.159822	-1
1097	1156830	4	1	2	0	116893	0.412909	-1
1098	1157667	4	1	2	0	711	0.119513	-1
1099	1158504	4	1	2	0	500905	1.53717	-1
1100	1159341	4	1	0	112	2303902	5.03505	1
1101	1160178	4	1	0	94	808955	2.02227	1
1102	1161015	4	1	2	0	3987	0.119683	-1
1103	1161852	4	1	0	111	1218871	2.81518	1
1104	1162689	4	1	2	0	436	0.120886	-1
1105	1163526	4	1	2	0	575707	1.8699	-1
1106	1164363	4	1	2	0	253493	0.789071	-1
1107	1165200	4	1	2	0	4783	0.124405	-1
1108	1166037	4	1	2	0	5241	0.120674	-1
1109	1166874	4	1	2	0	41076	0.18604	-1
1110	1167711	4	1	2	0	253523	0.816006	-1
1111	1168548	4	1	2	0	2565	0.119918	-1
1112	1169385	4	1	0	110	906412	2.43827	1
1113	1170222	4	1	0	103	280755	0.918403	1
1114	1171059	4	1	2	0	10064	0.120743	-1
1115	1171896	4	1	2	0	252759	0.808618	-1
1116	1172733	4	1	2	0	210619	0.748101	-1
1117	1173570	4	1	2	0	46688	0.192254	-1
1118	1174407	4	1	0	101	20473	0.118198	1
1119	1175244	4	1	2	0	389	0.119156	-1
1120	1176081	4	1	2	0	9950	0.124095	-1
1121	1176918	4	1	2	0	33050	0.179827	-1
1122	1177755	4	1	0	95	1349409	2.5793	1
1123	1178592	4	1	2	0	81300	0.334043	-1
1124	1179429	4	1	0	98	691025	1.36982	1
1125	1180266	4	1	2	0	47305	0.208172	-1
1126	1181103	4	1	2	0	32917	0.146006	-1
1127	1181940	4	1	2	0	6840	0.121518	-1
1128	1182777	4	1	2	0	245	0.119364	-1
1129	1183614	4	1	2	0	115295	0.467908	-1
1130	1184451	4	1	2	0	609626	1.60449	-1
1131	1185288	4	1	0	109	6177854	11.8963	1
1132	1186125	4	1	2	0	384	0.122823	-1
1133	1186962	4	1	2	0	713537	2.13427	-1
1134	1187799	4	1	0	106	1879788	4.12732	1
1135	1188636	4	1	0	101	338388	1.00833	1
1136	1189473	4	1	2	0	15622	0.123749	-1
1137	1190310	4	1	2	0	71447	0.280904	-1
1138	1191147	4	1	2	0	103687	0.429428	-1
1139	1191984	4	1	2	0	1077508	2.7524	-1
1140	1192821	4	1	0	98	209570	0.65611	1
1141	1193658	4	1	0	114	903069	2.29565	1
1142	1194495	4	1	2	0	334637	0.97161	-1
1143	1195332	4	1	2	0	1387	0.117802	-1
1144	1196169	4	1	2	0	302	0.119241	-1
1145	1197006	4	1	2	0	13587	0.123923	-1
1146	1197843	4	1	0	115	1418727	3.1545	1
1147	1198680	4	1	2	0	35766	0.168878	-1
1148	1199517	4	1	0	95	70866	0.249414	1
1149	1200354	4	1	2	0	66077	0.267997	-1
1150	1201191	4	1	2	0	42350	0.172692	-1
1151	1202028	4	1	0	116	18994	0.114892	1
1152	1202865	4	1	0	104	33267	0.155659	1
1153	1203702	4	1	2	0	63701	0.265085	-1
1154	1204539	4	1	0	99	79664	0.275947	1
1155	1205376	4	1	2	0	1957	0.119924	-1
1156	1206213	4	1	2	0	576796	1.5041	-1
1157	1207050	4	1	2	0	13631	0.124935	-1
1158	1207887	4	1	2	0	1324275	3.27888	-1
1159	1208724	4	1	0	108	953015	2.4962	1
1160	1209561	4	1	0	97	579007	1.39742	1
1161	1210398	4	1	0	101	643497	1.66437	1
1162	1211235	4	1	2	0	204092	0.718192	-1
1163	1212072	4	1	0	108	660574	1.85016	1
1164	1212909	4	1	2	0	530576	1.61582	-1
1165	1213746	4	1	2	0	47133	0.20599	-1
1166	1214583	4	1	2	0	3947	0.121258	-1
1167	1215420	4	1	2	0	38333	0.183905	-1
1168	1216257	4	1	2	0	204605	0.654183	-1
1169	1217094	4	1	0	104	4331775	7.80472	1
1170	1217931	4	1	2	0	252853	0.82415	-1
1171	1218768	4	1	2	0	2996194	5.93584	-1
1172	1219605	4	1	2	0	4651	0.121837	-1
1173	1220442	4	1	2	0	8555	0.122228	-1
1174	1221279	4	1	2	0	3597	0.119012	-1
1175	1222116	4	1	2	0	88627	0.357106	-1
1176	1222953	4	1	0	106	264682	0.777092	1
1177	1223790	4	1	2	0	7496	0.122641	-1
1178	1224627	4	1	2	0	171058	0.601354	-1
1179	1225464	4	1	2	0	65058	0.289849	-1
1180	1226301	4	1	2	0	25245	0.140444	-1
1181	1227138	4	1	0	95	32893	0.136162	1
1182	1227975	4	1	2	0	13330	0.126459	-1
1183	1228812	4	1	2	0	121064	0.485522	-1
1184	1229649	4	1	2	0	65704	0.253779	-1
1185	1230486	4	1	2	0	19	0.1171	-1
1186	1231323	4	1	2	0	77606	0.320986	-1
1187	1232160	4	1	2	0	18795	0.123643	-1
1188	1232997	4	1	2	0	672374	2.02474	-1
1189	1233834	4	1	2	0	1751	0.119324	-1
1190	1234671	4	1	2	0	5965168	13.4283	-1
1191	1235508	4	1	2	0	24577	0.144555	-1
1192	1236345	4	1	0	98	1075835	2.3402	1
1193	1237182	4	1	2	0	65102	0.254615	-1
1194	1238019	4	1	0	89	10026	0.116168	1
1195	1238856	4	1	2	0	52449	0.221335	-1
1196	1239693	4	1	2	0	882152	2.32673	-1
1197	1240530	4	1	2	0	155271	0.551903	-1
1198	1241367	4	1	2	0	127518	0.543756	-1
1199	1242204	4	1	0	105	148386	0.633613	1
1200	1243041	4	1	0	115	2452863	5.71854	1
1201	1243878	4	1	0	96	2067150	4.94332	1
1202	1244715	4	1	2	0	253209	1.00514	-1
1203	1245552	4	1	2	0	125481	0.479863	-1
1204	1246389	4	1	0	101	341222	1.06737	1
1205	1247226	4	1	2	0	132781	0.503502	-1
1206	1248063	4	1	2	0	545966	1.95964	-1
1207	1248900	4	1	2	0	96245	0.364751	-1
1208	1249737	4	1	2	0	5679	0.123129	-1
1209	1250574	4	1	2	0	4895	0.124982	-1
1210	1251411	4	1	2	0	1736755	4.22236	-1
1211	1252248	4	1	2	0	18634	0.130064	-1
1212	1253085	4	1	0	100	3922955	7.87186	1
1213	1253922	4	1	0	114	5956921	14.3228	1
1214	1254759	4	1	2	0	446287	2.30105	-1
1215	1255596	4	1	0	102	235882	1.28055	1
1216	1256433	4	1	2	0	9974	0.129803	-1
1217	1257270	4	1	2	0	77615	0.351647	-1
1218	1258107	4	1	2	0	723	0.120099	-1
1219	1258944	4	1	2	0	36652	0.173589	-1
1220	1259781	4	1	2	0	39804	0.191415	-1
1221	1260618	4	1	2	0	3261	0.12952	-1
1222	1261455	4	1	0	103	7118262	12.2035	1
1223	1262292	4	1	0	98	772990	2.09915	1
1224	1263129	4	1	0	100	1055464	2.47206	1
1225	1263966	4	1	2	0	187975	0.700398	-1
1226	1264803	4	1	0	103	564456	1.76252	1
1227	1265640	4	1	2	0	133991	0.451658	-1
1228	1266477	4	1	2	0	80929	0.312874	-1
1229	1267314	4	1	2	0	10495	0.131251	-1
1230	1268151	4	1	2	0	831136	2.43895	-1
1231	1268988	4	1	0	108	636123	2.0684	1
1232	1269825	4	1	2	0	412999	1.47091	-1
1233	1270662	4	1	2	0	19964	0.128877	-1
1234	1271499	4	1	2	0	17764	0.130322	-1
1235	1272336	4	1	0	106	203034	0.630415	1
1236	1273173	4	1	0	107	4628814	8.6463	1
1237	1274010	4	1	0	112	659311	1.91691	1
1238	1274847	4	1	2	0	66127	0.296885	-1
1239	1275684	4	1	2	0	8867	0.121071	-1
1240	1276521	4	1	2	0	47074	0.220467	-1
1241	1277358	4	1	0	105	732145	2.45614	1
1242	1278195	4	1	2	0	5642	0.120237	-1
1243	1279032	4	1	0	106	6695792	12.5456	1
1244	1279869	4	1	0	110	1401214	3.29116	1
1245	1280706	4	1	0	107	228836	0.725055	1
1246	1281543	4	1	2	0	4580	0.129963	-1
1247	1282380	4	1	2	0	1036	0.12674	-1
1248	1283217	4	1	2	0	86263	0.353167	-1
1249	1284054	4	1	0	113	743454	2.19012	1
1250	1284891	4	1	2	0	1178	0.11789	-1
1251	1285728	4	1	0	119	285505	0.999902	1
1252	1286565	4	1	0	106	217610	0.808842	1
1253	1287402	4	1	2	0	48223	0.232847	-1
1254	1288239	4	1	2	0	1215362	3.53142	-1
1255	1289076	4	1	2	0	4325	0.121455	-1
1256	1289913	4	1	2	0	112936	0.435194	-1
1257	1290750	4	1	2	0	186	0.11723	-1
1258	1291587	4	1	2	0	54971	0.235896	-1
1259	1292424	4	1	2	0	25484	0.151175	-1
1260	1293261	4	1	0	98	44790	0.202042	1
1261	1294098	4	1	0	110	477850	1.42749	1
1262	1294935	4	1	2	0	19493	0.122897	-1
1263	1295772	4	1	2	0	4113	0.124671	-1
1264	1296609	4	1	2	0	24772	0.142739	-1
1265	1297446	4	1	0	111	1413072	3.55644	1
1266	1298283	4	1	2	0	5296	0.120685	-1
1267	1299120	4	1	2	0	13001	0.126115	-1
1268	1299957	4	1	2	0	78754	0.336183	-1
1269	1300794	4	1	2	0	3943	0.122905	-1
1270	1301631	4	1	2	0	62263	0.28897	-1
1271	1302468	4	1	2	0	155892	0.550044	-1
1272	1303305	4	1	2	0	33996	0.192294	-1
1273	1304142	4	1	2	0	4967	0.120214	-1
1274	1304979	4	1	2	0	277510	0.943967	-1
1275	1305816	4	1	2	0	426425	1.44419	-1
1276	1306653	4	1	2	0	39093	0.207786	-1
1277	1307490	4	1	2	0	5151	0.123179	-1
1278	1308327	4	1	2	0	10146	0.122138	-1
1279	1309164	4	1	2	0	13177	0.122379	-1
1280	1310001	4	1	2	0	683507	2.04611	-1
1281	1310838	4	1	2	0	75344	0.350643	-1
1282	1311675	4	1	2	0	585447	1.83874	-1
1283	1312512	4	1	2	0	295304	1.05812	-1
1284	1313349	4	1	2	0	560	0.122693	-1
1285	1314186	4	1	2	0	27731	0.16319	-1
1286	1315023	4	1	0	104	101535	0.355901	1
1287	1315860	4	1	2	0	5624	0.122891	-1
1288	1316697	4	1	2	0	3695	0.118745	-1
1289	1317534	4	1	0	112	477315	1.45759	1
1290	1318371	4	1	2	0	23248	0.146615	-1
1291	1319208	4	1	0	102	371225	1.25851	1
1292	1320045	4	1	0	108	624602	1.83901	1
1293	1320882	4	1	2	0	302506	1.0121	-1
1294	1321719	4	1	2	0	607595	1.92533	-1
1295	1322556	4	1	2	0	132578	0.544383	-1
1296	1323393	4	1	0	103	702168	2.48808	1
1297	1324230	4	1	0	101	82301	0.359917	1
1298	1325067	4	1	0	108	325247	1.05443	1
1299	1325904	4	1	0	107	154110	0.591157	1
1300	1326741	4	1	2	0	7845	0.123848	-1
1301	1327578	4	1	0	108	1298531	2.96794	1
1302	1328415	4	1	0	99	4558954	7.5118	1
1303	1329252	4	1	2	0	59563	0.277416	-1
1304	1330089	4	1	2	0	25200	0.15022	-1
1305	1330926	4	1	2	0	28838	0.174165	-1
1306	1331763	4	1	0	103	860865	2.24016	1
1307	1332600	4	1	2	0	463	0.119763	-1
1308	1333437	4	1	2	0	409	0.120174	-1
1309	1334274	4	1	0	108	452122	1.58699	1
1310	1335111	4	1	2	0	56818	0.268535	-1
1311	1335948	4	1	2	0	24187	0.148836	-1
1312	1336785	4	1	0	113	289142	0.966392	1
1313	1337622	4	1	2	0	39244	0.209362	-1
1314	1338459	4	1	2	0	771308	2.35513	-1
1315	1339296	4	1	2	0	9787	0.128564	-1
1316	1340133	4	1	2	0	20401	0.13274	-1
1317	1340970	4	1	2	0	225501	0.805939	-1
1318	1341807	4	1	2	0	182311	0.663925	-1
1319	1342644	4	1	2	0	9086	0.122353	-1
1320	1343481	4	1	0	108	2044574	5.13413	1
1321	1344318	4	1	2	0	617	0.118423	-1
1322	1345155	4	1	2	0	7825	0.125726	-1
1323	1345992	4	1	0	106	379374	1.18238	1
1324	1346829	4	1	0	106	66710	0.286709	1
1325	1347666	4	1	0	107	405576	1.15232	1
1326	1348503	4	1	2	0	36566	0.189229	-1
1327	1349340	4	1	2	0	150313	0.572709	-1
1328	1350177	4	1	2	0	26816	0.151155	-1
1329	1351014	4	1	2	0	240014	0.784501	-1
1330	1351851	4	1	2	0	8777	0.124204	-1
1331	1352688	4	1	2	0	3377	0.121691	-1
1332	1353525	4	1	2	0	318448	1.05848	-1
1333	1354362	4	1	2	0	1902	0.120459	-1
1334	1355199	4	1	0	96	920309	2.39882	1
1335	1356036	4	1	2	0	137351	0.534265	-1
1336	1356873	4	1	2	0	116805	0.452025	-1
1337	1357710	4	1	2	0	79866	0.292457	-1
1338	1358547	4	1	2	0	454381	1.46478	-1
1339	1359384	4	1	0	107	4244967	8.65866	1
1340	1360221	4	1	2	0	47440	0.248547	-1
1341	1361058	4	1	2	0	32472	0.177691	-1
1342	1361895	4	1	2	0	44560	0.21146	-1
1343	1362732	4	1	2	0	27377	0.163041	-1
1344	1363569	4	1	2	0	861950	2.58088	-1
1345	1364406	4	1	2	0	132	0.138728	-1
1346	1365243	4	1	2	0	20805	0.142494	-1
1347	1366080	4	1	2	0	2799	0.127779	-1
1348	1366917	4	1	2	0	177480	0.735516	-1
1349	1367754	4	1	2	0	7069	0.130447	-1
1350	1368591	4	1	2	0	10064	0.127377	-1
1351	1369428	4	1	2	0	12084	0.132165	-1
1352	1370265	4	1	2	0	23699	0.144872	-1
1353	1371102	4	1	2	0	108315	0.444023	-1
1354	1371939	4	1	0	97	168735	0.577526	1
1355	1372776	4	1	0	101	1845279	3.83048	1
1356	1373613	4	1	2	0	909976	3.03067	-1
1357	1374450	4	1	2	0	604250	1.91866	-1
1358	1375287	4	1	2	0	113981	0.455449	-1
1359	1376124	4	1	2	0	53867	0.224685	-1
1360	1376961	4	1	2	0	8215	0.120166	-1
1361	1377798	4	1	2	0	59171	0.247512	-1
1362	1378635	4	1	2	0	23774	0.141992	-1
1363	1379472	4	1	2	0	2725	0.118014	-1
1364	1380309	4	1	2	0	12697	0.122469	-1
1365	1381146	4	1	2	0	92942	0.364148	-1
1366	1381983	4	1	2	0	120366	0.4078	-1
1367	1382820	4	1	2	0	1737249	4.599	-1
1368	1383657	4	1	0	102	382943	1.14947	1
1369	1384494	4	1	0	108	17924	0.150913	1
1370	1385331	4	1	2	0	58408	0.309193	-1
1371	1386168	4	1	2	0	264776	1.39369	-1
1372	1387005	4	1	2	0	2017577	6.74811	-1
1373	1387842	4	1	2	0	499871	1.81837	-1
1374	1388679	4	1	2	0	3532	0.120725	-1
1375	1389516	4	1	0	106	263245	0.845712	1
1376	1390353	4	1	0	99	476698	1.63886	1
1377	1391190	4	1	2	0	19136	0.122842	-1
1378	1392027	4	1	0	103	926771	3.13932	1
1379	1392864	4	1	2	0	195183	1.00706	-1
1380	1393701	4	1	0	104	254925	1.17107	1
1381	1394538	4	1	2	0	76	0.129999	-1
1382	1395375	4	1	0	106	384850	1.85084	1
1383	1396212	4	1	0	103	549379	1.96155	1
1384	1397049	4	1	2	0	141	0.121812	-1
1385	1397886	4	1	0	93	687752	1.85455	1
1386	1398723	4	1	2	0	15007	0.124425	-1
1387	1399560	4	1	2	0	16718	0.126018	-1
1388	1400397	4	1	2	0	788935	2.14698	-1
1389	1401234	4	1	0	116	2859399	6.30079	1
1390	1402071	4	1	2	0	3548	0.122033	-1
1391	1402908	4	1	2	0	5445	0.123654	-1
1392	1403745	4	1	2	0	2858361	6.40155	-1
1393	1404582	4	1	0	104	601092	1.71891	1
1394	1405419	4	1	2	0	1382	0.120582	-1
1395	1406256	4	1	2	0	224105	0.70122	-1
1396	1407093	4	1	0	114	7199128	16.6228	1
1397	1407930	4	1	2	0	303985	1.9777	-1
1398	1408767	4	1	2	0	59889	0.374343	-1
1399	1409604	4	1	0	100	4139985	9.59014	1
1400	1410441	4	1	0	108	94877	0.37964	1
1401	1411278	4	1	2	0	78187	0.316508	-1
1402	1412115	4	1	2	0	106809	0.430274	-1
1403	1412952	4	1	2	0	412	0.118499	-1
1404	1413789	4	1	2	0	4139	0.121773	-1
1405	1414626	4	1	2	0	52951	0.222722	-1
1406	1415463	4	1	0	101	187554	0.669368	1
1407	1416300	4	1	2	0	2527	0.119417	-1
1408	1417137	4	1	0	105	2952334	6.08332	1
1409	1417974	4	1	2	0	23959	0.149248	-1
1410	1418811	4	1	2	0	27702	0.161232	-1
1411	1419648	4	1	2	0	185975	0.603585	-1
1412	1420485	4	1	0	118	1052698	3.13437	1
1413	1421322	4	1	0	110	357602	1.29539	1
1414	1422159	4	1	2	0	53255	0.230568	-1
1415	1422996	4	1	2	0	159134	0.561332	-1
1416	1423833	4	1	2	0	1910	0.119934	-1
1417	1424670	4	1	0	100	405684	1.29723	1
1418	1425507	4	1	2	0	14410	0.127431	-1
1419	1426344	4	1	0	100	1400998	3.50299	1
1420	1427181	4	1	0	106	319471	1.02057	1
1421	1428018	4	1	2	0	343669	1.21512	-1
1422	1428855	4	1	2	0	3170	0.122279	-1
1423	1429692	4	1	2	0	681	0.126137	-1
1424	1430529	4	1	2	0	20806	0.154259	-1
1425	1431366	4	1	2	0	77077	0.405684	-1
1426	1432203	4	1	0	102	1401740	4.43186	1
1427	1433040	4	1	2	0	5925	0.141213	-1
1428	1433877	4	1	2	0	110753	0.562215	-1
1429	1434714	4	1	0	105	834946	2.75865	1
1430	1435551	4	1	2	0	70422	0.308582	-1
1431	1436388	4	1	2	0	11738	0.131633	-1
1432	1437225	4	1	2	0	28587	0.160718	-1
1433	1438062	4	1	2	0	248345	0.862666	-1
1434	1438899	4	1	2	0	29721	0.177078	-1
1435	1439736	4	1	0	95	2106757	3.6676	1
1436	1440573	4	1	2	0	196887	0.87691	-1
1437	1441410	4	1	0	102	1012803	2.40364	1
1438	1442247	4	1	0	108	2933896	6.34131	1
1439	1443084	4	1	0	100	185500	0.685263	1
1440	1443921	4	1	2	0	147571	0.510436	-1
1441	1444758	4	1	0	100	79186	0.295159	1
1442	1445595	4	1	0	104	1454245	3.63819	1
1443	1446432	4	1	2	0	143	0.119792	-1
1444	1447269	4	1	2	0	14812	0.129637	-1
1445	1448106	4	1	2	0	1133	0.120473	-1
1446	1448943	4	1	0	101	166786	0.578186	1
1447	1449780	4	1	2	0	36740	0.183809	-1
1448	1450617	4	1	0	100	79773	0.287461	1
1449	1451454	4	1	2	0	110175	0.403808	-1
1450	1452291	4	1	2	0	70842	0.300598	-1
1451	1453128	4	1	2	0	4509	0.125584	-1
1452	1453965	4	1	2	0	32038	0.16782	-1
1453	1454802	4	1	2	0	883	0.120021	-1
1454	1455639	4	1	2	0	20409	0.126617	-1
1455	1456476	4	1	2	0	2726	0.118323	-1
1456	1457313	4	1	2	0	291209	1.08036	-1
1457	1458150	4	1	0	101	479581	1.4169	1
1458	1458987	4	1	2	0	679489	2.17483	-1
1459	1459824	4	1	0	108	2804383	6.34987	1
1460	1460661	4	1	2	0	25955	0.157448	-1
1461	1461498	4	1	2	0	1267466	3.64132	-1
1462	1462335	4	1	2	0	28611	0.153487	-1
1463	1463172	4	1	0	96	426072	1.16578	1
1464	1464009	4	1	2	0	15469	0.123435	-1
1465	1464846	4	1	2	0	154978	0.549027	-1
1466	1465683	4	1	2	0	63698	0.281088	-1
1467	1466520	4	1	2	0	130	0.120785	-1
1468	1467357	4	1	2	0	8187	0.123189	-1
1469	1468194	4	1	2	0	459113	1.59106	-1
1470	1469031	4	1	2	0	472959	1.65133	-1
1471	1469868	4	1	2	0	6696	0.121448	-1
1472	1470705	4	1	2	0	5738	0.123407	-1
1473	1471542	4	1	2	0	5325	0.12518	-1
1474	1472379	4	1	0	106	751632	2.34263	1
1475	1473216	4	1	2	0	147267	0.455475	-1
1476	1474053	4	1	2	0	1145	0.120529	-1
1477	1474890	4	1	0	109	167163	0.552409	1
1478	1475727	4	1	2	0	321961	1.00662	-1
1479	1476564	4	1	2	0	30733	0.173139	-1
1480	1477401	4	1	2	0	527831	1.67464	-1
1481	1478238	4	1	2	0	4810	0.123061	-1
1482	1479075	4	1	2	0	103	0.123976	-1
1483	1479912	4	1	0	107	234747	0.759218	1
1484	1480749	4	1	0	109	603097	1.91066	1
1485	1481586	4	1	2	0	153092	0.55821	-1
1486	1482423	4	1	2	0	54393	0.280369	-1
1487	1483260	4	1	0	105	1049556	2.5486	1
1488	1484097	4	1	2	0	195952	0.720979	-1
1489	1484934	4	1	0	104	1077810	2.74595	1
1490	1485771	4	1	2	0	5918	0.121104	-1
1491	1486608	4	1	0	98	263651	0.900276	1
1492	1487445	4	1	0	102	29259165	48.5815	1
1493	1488282	4	1	0	104	326421	1.2449	1
1494	1489119	4	1	2	0	81964	0.347956	-1
1495	1489956	4	1	0	110	73003	0.268626	1
1496	1490793	4	1	0	105	631589	1.9122	1
1497	1491630	4	1	0	97	161931	0.525961	1
1498	1492467	4	1	2	0	28704	0.160777	-1
1499	1493304	4	1	2	0	471335	1.55415	-1
1500	1494141	4	1	2	0	17497	0.12331	-1
1501	1494978	4	1	2	0	131	0.120545	-1
1502	1495815	4	1	0	102	305222	1.00669	1
1503	1496652	4	1	2	0	10907	0.125593	-1
1504	1497489	4	1	2	0	18877	0.128282	-1
1505	1498326	4	1	2	0	4235	0.119975	-1
1506	1499163	4	1	2	0	13625	0.123804	-1
1507	1500000	4	1	2	0	206996	0.727219	-1
1508	1500837	4	1	0	109	1764098	4.18365	1
1509	1501674	4	1	2	0	18804	0.123437	-1
1510	1502511	4	1	2	0	5689	0.123312	-1
1511	1503348	4	1	2	0	1112263	2.98462	-1
1512	1504185	4	1	2	0	136889	0.622605	-1
1513	1505022	4	1	2	0	39418	0.221357	-1
1514	1505859	4	1	2	0	34904	0.20253	-1
1515	1506696	4	1	2	0	2887	0.123031	-1
1516	1507533	4	1	2	0	78099	0.304489	-1
1517	1508370	4	1	0	95	157583	0.499566	1
1518	1509207	4	1	0	104	2774285	5.86933	1
1519	1510044	4	1	2	0	90838	0.383027	-1
1520	1510881	4	1	0	96	586711	1.58991	1
1521	1511718	4	1	0	113	4678345	9.90698	1
1522	1512555	4	1	2	0	59734	0.258525	-1
1523	1513392	4	1	2	0	5979	0.126671	-1
1524	1514229	4	1	0	106	50579	0.202741	1
1525	1515066	4	1	0	96	329388	0.91779	1
1526	1515903	4	1	0	110	1392295	3.02212	1
1527	1516740	4	1	0	104	144453	0.507929	1
1528	1517577	4	1	2	0	11459	0.122108	-1
1529	1518414	4	1	0	113	793213	2.09256	1
1530	1519251	4	1	2	0	426	0.117992	-1
1531	1520088	4	1	2	0	115541	0.416832	-1
1532	1520925	4	1	2	0	111	0.117816	-1
1533	1521762	4	1	2	0	6745	0.121396	-1
1534	1522599	4	1	2	0	1337	0.119617	-1
1535	1523436	4	1	2	0	1749932	4.5108	-1
1536	1524273	4	1	2	0	11772	0.124039	-1
1537	1525110	4	1	2	0	291058	1.04671	-1
1538	1525947	4	1	0	94	3764639	6.57902	1
1539	1526784	4	1	2	0	42754	0.227494	-1
1540	1527621	4	1	2	0	7368	0.123129	-1
1541	1528458	4	1	2	0	9270	0.122408	-1
1542	1529295	4	1	2	0	6572	0.119783	-1
1543	1530132	4	1	2	0	748	0.118138	-1
1544	1530969	4	1	0	102	2296077	4.41886	1
1545	1531806	4	1	2	0	207016	0.697189	-1
1546	1532643	4	1	2	0	114042	0.456642	-1
1547	1533480	4	1	0	105	1084765	2.76756	1
1548	1534317	4	1	2	0	121160	0.42923	-1
1549	1535154	4	1	2	0	28571	0.153871	-1
1550	1535991	4	1	2	0	8001	0.121888	-1
1551	1536828	4	1	0	116	1682078	4.01635	1
1552	1537665	4	1	2	0	616522	1.86936	-1
1553	1538502	4	1	0	93	19921	0.118061	1
1554	1539339	4	1	2	0	39901	0.186517	-1
1555	1540176	4	1	2	0	68539	0.282109	-1
1556	1541013	4	1	2	0	514952	1.6148	-1
1557	1541850	4	1	2	0	37755	0.215365	-1
1558	1542687	4	1	2	0	666	0.124409	-1
1559	1543524	4	1	0	102	3167774	5.6367	1
1560	1544361	4	1	0	105	2752221	5.95021	1
1561	1545198	4	1	2	0	13458	0.122582	-1
1562	1546035	4	1	2	0	5831	0.122809	-1
1563	1546872	4	1	2	0	180680	0.665655	-1
1564	1547709	4	1	2	0	95529	0.384111	-1
1565	1548546	4	1	2	0	141143	0.434568	-1
1566	1549383	4	1	0	110	202007	0.648845	1
1567	1550220	4	1	0	96	356480	1.10975	1
1568	1551057	4	1	2	0	258267	1.07163	-1
1569	1551894	4	1	2	0	46103	0.228425	-1
1570	1552731	4	1	2	0	2567	0.122941	-1
1571	1553568	4	1	0	105	1259019	3.01042	1
1572	1554405	4	1	2	0	896	0.120961	-1
1573	1555242	4	1	2	0	175681	0.623782	-1
1574	1556079	4	1	2	0	55299	0.244112	-1
1575	1556916	4	1	2	0	1573	0.124359	-1
1576	1557753	4	1	2	0	38423	0.195162	-1
1577	1558590	4	1	2	0	8103	0.130248	-1
1578	1559427	4	1	0	114	369425	1.25025	1
1579	1560264	4	1	2	0	94	0.118257	-1
1580	1561101	4	1	0	104	2852241	6.64025	1
1581	1561938	4	1	0	108	4755952	9.94518	1
1582	1562775	4	1	2	0	14531	0.121491	-1
1583	1563612	4	1	2	0	32516	0.204422	-1
1584	1564449	4	1	0	112	752111	2.14354	1
1585	1565286	4	1	2	0	8096	0.118652	-1
1586	1566123	4	1	2	0	22852	0.147936	-1
1587	1566960	4	1	0	91	9302	0.116704	1
1588	1567797	4	1	2	0	310596	0.972651	-1
1589	1568634	4	1	2	0	56360	0.247812	-1
1590	1569471	4	1	0	110	735450	1.98051	1
1591	1570308	4	1	2	0	34872	0.177868	-1
1592	1571145	4	1	2	0	283	0.128676	-1
1593	1571982	4	1	0	107	133588	0.530172	1
1594	1572819	4	1	2	0	334053	0.896384	-1
1595	1573656	4	1	2	0	41346	0.224864	-1
1596	1574493	4	1	2	0	1913	0.127775	-1
1597	1575330	4	1	2	0	134787	0.500142	-1
1598	1576167	4	1	2	0	244	0.119681	-1
1599	1577004	4	1	2	0	75369	0.292708	-1
1600	1577841	4	1	2	0	12143	0.123218	-1
1601	1578678	4	1	2	0	600967	1.85342	-1
1602	1579515	4	1	2	0	30817	0.196683	-1
1603	1580352	4	1	2	0	12862	0.122009	-1
1604	1581189	4	1	0	104	92216	0.336961	1
1605	1582026	4	1	2	0	30584	0.166181	-1
1606	1582863	4	1	2	0	20095	0.128747	-1
1607	1583700	4	1	2	0	15646	0.129885	-1
1608	1584537	4	1	2	0	7235	0.11978	-1
1609	1585374	4	1	0	114	879225	2.09219	1
1610	1586211	4	1	2	0	76959	0.291408	-1
1611	1587048	4	1	2	0	52327	0.207923	-1
1612	1587885	4	1	2	0	15257	0.120912	-1
1613	1588722	4	1	2	0	645727	1.64377	-1
1614	1589559	4	1	2	0	94	0.117696	-1
1615	1590396	4	1	2	0	2937	0.127532	-1
1616	1591233	4	1	2	0	42710	0.218586	-1
1617	1592070	4	1	0	98	1006480	2.07515	1
1618	1592907	4	1	2	0	314441	1.12076	-1
1619	1593744	4	1	2	0	207043	0.702494	-1
1620	1594581	4	1	2	0	2236	0.118992	-1
1621	1595418	4	1	2	0	194498	0.775003	-1
1622	1596255	4	1	2	0	316658	1.12398	-1
1623	1597092	4	1	0	96	4814504	8.43424	1
1624	1597929	4	1	0	112	267497	0.86088	1
1625	1598766	4	1	2	0	81712	0.334326	-1
1626	1599603	4	1	2	0	52735	0.235673	-1
1627	1600440	4	1	2	0	54570	0.228654	-1
1628	1601277	4	1	2	0	6888	0.126328	-1
1629	1602114	4	1	0	98	6009425	9.77518	1
1630	1602951	4	1	0	107	4384682	8.58136	1
1631	1603788	4	1	2	0	664	0.120865	-1
1632	1604625	4	1	0	105	637228	1.87919	1
1633	1605462	4	1	2	0	2470	0.122416	-1
1634	1606299	4	1	2	0	5014	0.122905	-1
1635	1607136	4	1	2	0	45384	0.207105	-1
1636	1607973	4	1	2	0	141789	0.481752	-1
1637	1608810	4	1	2	0	6545	0.123655	-1
1638	1609647	4	1	2	0	69523	0.298609	-1
1639	1610484	4	1	2	0	2600	0.119696	-1
1640	1611321	4	1	2	0	13311	0.12183	-1
1641	1612158	4	1	2	0	3519	0.118442	-1
1642	1612995	4	1	2	0	14435	0.125572	-1
1643	1613832	4	1	2	0	912	0.116814	-1
1644	1614669	4	1	0	109	381519	1.27178	1
1645	1615506	4	1	2	0	16287	0.129259	-1
1646	1616343	4	1	2	0	14744	0.127842	-1
1647	1617180	4	1	2	0	10609	0.126424	-1
1648	1618017	4	1	2	0	902520	2.25174	-1
1649	1618854	4	1	2	0	5891	0.122722	-1
1650	1619691	4	1	0	107	327392	1.01478	1
1651	1620528	4	1	2	0	466067	1.4879	-1
1652	1621365	4	1	2	0	40720	0.201692	-1
1653	1622202	4	1	0	99	216946	0.679279	1
1654	1623039	4	1	2	0	1786	0.126971	-1
1655	1623876	4	1	2	0	27717	0.147985	-1
1656	1624713	4	1	2	0	1299	0.126052	-1
1657	1625550	4	1	0	105	1439264	3.30401	1
1658	1626387	4	1	2	0	608	0.118448	-1
1659	1627224	4	1	2	0	1612	0.121813	-1
1660	1628061	4	1	2	0	20229	0.125654	-1
1661	1628898	4	1	2	0	1729634	4.15444	-1
1662	1629735	4	1	2	0	9933	0.121154	-1
1663	1630572	4	1	0	101	103832	0.377317	1
1664	1631409	4	1	2	0	19836	0.122786	-1
1665	1632246	4	1	2	0	17175	0.123222	-1
1666	1633083	4	1	2	0	16289	0.123231	-1
1667	1633920	4	1	2	0	1458	0.11996	-1
1668	1634757	4	1	2	0	90	0.116482	-1
1669	1635594	4	1	0	112	110926	0.408343	1
1670	1636431	4	1	0	107	32540	0.15249	1
1671	1637268	4	1	2	0	261831	0.913451	-1
1672	1638105	4	1	2	0	156615	0.586311	-1
1673	1638942	4	1	2	0	2159475	5.37722	-1
1674	1639779	4	1	2	0	172049	0.607164	-1
1675	1640616	4	1	2	0	2169	0.123294	-1
1676	1641453	4	1	0	104	1512873	3.36634	1
1677	1642290	4	1	2	0	209826	0.667559	-1
1678	1643127	4	1	2	0	10803	0.124208	-1
1679	1643964	4	1	0	101	720483	2.04259	1
1680	1644801	4	1	2	0	83995	0.331021	-1
1681	1645638	4	1	2	0	1449	0.120777	-1
1682	1646475	4	1	2	0	17021	0.127429	-1
1683	1647312	4	1	2	0	2898	0.123707	-1
1684	1648149	4	1	0	109	3921157	8.98932	1
1685	1648986	4	1	2	0	376363	1.24146	-1
1686	1649823	4	1	2	0	5040	0.126597	-1
1687	1650660	4	1	0	104	184108	0.652403	1
1688	1651497	4	1	2	0	200758	0.784174	-1
1689	1652334	4	1	2	0	16997	0.126872	-1
1690	1653171	4	1	2	0	143425	0.484412	-1
1691	1654008	4	1	2	0	76912	0.32753	-1
1692	1654845	4	1	0	110	165904	0.595322	1
1693	1655682	4	1	0	106	767589	2.13096	1
1694	1656519	4	1	0	107	61537	0.26114	1
1695	1657356	4	1	2	0	86927	0.343972	-1
1696	1658193	4	1	2	0	681954	2.11571	-1
1697	1659030	4	1	2	0	394932	1.26316	-1
1698	1659867	4	1	2	0	479	0.1203	-1
1699	1660704	4	1	2	0	5261	0.128151	-1
1700	1661541	4	1	2	0	413364	1.39431	-1
1701	1662378	4	1	2	0	51171	0.259845	-1
1702	1663215	4	1	2	0	124839	0.437461	-1
1703	1664052	4	1	2	0	48770	0.228271	-1
1704	1664889	4	1	2	0	3607	0.126878	-1
1705	1665726	4	1	0	114	186970	0.591381	1
1706	1666563	4	1	0	101	2760744	5.02867	1
1707	1667400	4	1	2	0	14291	0.123487	-1
1708	1668237	4	1	0	100	2218924	4.6837	1
1709	1669074	4	1	2	0	119223	0.431882	-1
1710	1669911	4	1	2	0	793111	2.24561	-1
1711	1670748	4	1	2	0	15954	0.124262	-1
1712	1671585	4	1	0	111	2091567	4.88398	1
1713	1672422	4	1	0	107	702329	2.1678	1
1714	1673259	4	1	2	0	743	0.133379	-1
1715	1674096	4	1	2	0	3133	0.124072	-1
1716	1674933	4	1	2	0	21932	0.134342	-1
1717	1675770	4	1	2	0	9313	0.125635	-1
1718	1676607	4	1	2	0	3946634	9.09926	-1
1719	1677444	4	1	2	0	617	0.119253	-1
1720	1678281	4	1	2	0	703	0.119378	-1
1721	1679118	4	1	0	99	994524	2.48589	1
1722	1679955	4	1	2	0	286	0.119124	-1
1723	1680792	4	1	2	0	29984	0.171619	-1
1724	1681629	4	1	0	101	254503	0.876401	1
1725	1682466	4	1	2	0	255173	0.856195	-1
1726	1683303	4	1	2	0	142523	0.527171	-1
1727	1684140	4	1	2	0	275982	1.12551	-1
1728	1684977	4	1	2	0	14271	0.129795	-1
1729	1685814	4	1	2	0	9295	0.126221	-1
1730	1686651	4	1	2	0	768	0.120576	-1
1731	1687488	4	1	2	0	254239	0.879016	-1
1732	1688325	4	1	2	0	32263	0.196139	-1
1733	1689162	4	1	2	0	1993	0.123598	-1
1734	1689999	4	1	2	0	476676	1.43666	-1
1735	1690836	4	1	0	104	537230	1.69876	1
1736	1691673	4	1	2	0	186720	0.750607	-1
1737	1692510	4	1	2	0	4369	0.127062	-1
1738	1693347	4	1	2	0	13482	0.122751	-1
1739	1694184	4	1	0	107	828408	2.12007	1
1740	1695021	4	1	2	0	382318	1.21149	-1
1741	1695858	4	1	2	0	321084	1.0873	-1
1742	1696695	4	1	0	103	1572985	3.69432	1
1743	1697532	4	1	2	0	7094	0.121187	-1
1744	1698369	4	1	2	0	262744	0.950309	-1
1745	1699206	4	1	0	100	2377781	5.05509	1
1746	1700043	4	1	2	0	319453	1.09884	-1
1747	1700880	4	1	2	0	381537	1.35655	-1
1748	1701717	4	1	2	0	3463	0.122773	-1
1749	1702554	4	1	0	101	208298	0.650684	1
1750	1703391	4	1	2	0	2454	0.120981	-1
1751	1704228	4	1	0	115	1029993	2.63991	1
1752	1705065	4	1	2	0	17193	0.123637	-1
1753	1705902	4	1	2	0	50249	0.267271	-1
1754	1706739	4	1	2	0	6106	0.123123	-1
1755	1707576	4	1	2	0	69396	0.294404	-1
1756	1708413	4	1	2	0	273096	0.84898	-1
1757	1709250	4	1	0	104	1042336	2.49977	1
1758	1710087	4	1	0	96	1146964	2.46827	1
1759	1710924	4	1	0	94	49056	0.214621	1
1760	1711761	4	1	2	0	883902	2.53386	-1
1761	1712598	4	1	2	0	130860	0.435773	-1
1762	1713435	4	1	2	0	18430	0.127692	-1
1763	1714272	4	1	2	0	2173	0.122683	-1
1764	1715109	4	1	2	0	1002	0.121011	-1
1765	1715946	4	1	0	102	98091	0.406622	1
1766	1716783	4	1	2	0	3436	0.12197	-1
1767	1717620	4	1	2	0	3876	0.122046	-1
1768	1718457	4	1	0	103	1860726	4.047	1
1769	1719294	4	1	0	105	560367	1.75986	1
1770	1720131	4	1	0	103	622400	1.83232	1
1771	1720968	4	1	2	0	5734	0.123548	-1
1772	1721805	4	1	2	0	470436	1.44261	-1
1773	1722642	4	1	2	0	3883845	8.84378	-1
1774	1723479	4	1	2	0	2626048	5.49773	-1
1775	1724316	4	1	0	106	1532190	3.34279	1
1776	1725153	4	1	2	0	1220	0.117221	-1
1777	1725990	4	1	2	0	314227	1.03852	-1
1778	1726827	4	1	2	0	650	0.118999	-1
1779	1727664	4	1	2	0	643	0.122202	-1
1780	1728501	4	1	2	0	106049	0.387524	-1
1781	1729338	4	1	2	0	59627	0.289512	-1
1782	1730175	4	1	2	0	1798	0.12206	-1
1783	1731012	4	1	2	0	46012	0.18308	-1
1784	1731849	4	1	2	0	6123	0.119705	-1
1785	1732686	4	1	2	0	937	0.118792	-1
1786	1733523	4	1	2	0	281052	1.03001	-1
1787	1734360	4	1	2	0	2093467	5.0023	-1
1788	1735197	4	1	2	0	1885	0.119993	-1
1789	1736034	4	1	2	0	75179	0.330608	-1
1790	1736871	4	1	2	0	258614	0.841096	-1
1791	1737708	4	1	2	0	71735	0.348739	-1
1792	1738545	4	1	2	0	98578	0.407667	-1
1793	1739382	4	1	0	94	245556	0.764088	1
1794	1740219	4	1	0	110	1600565	4.39824	1
1795	1741056	4	1	0	108	82387	0.379693	1
1796	1741893	4	1	2	0	28026	0.177841	-1
1797	1742730	4	1	2	0	3948874	8.47907	-1
1798	1743567	4	1	2	0	5585	0.122934	-1
1799	1744404	4	1	2	0	130447	0.49358	-1
1800	1745241	4	1	0	109	1288530	3.13733	1
1801	1746078	4	1	2	0	397511	1.22136	-1
1802	1746915	4	1	2	0	13533	0.122248	-1
1803	1747752	4	1	2	0	821	0.124267	-1
1804	1748589	4	1	0	107	82916	0.276622	1
1805	1749426	4	1	2	0	2414	0.120876	-1
1806	1750263	4	1	2	0	1080	0.119268	-1
1807	1751100	4	1	2	0	12776	0.12379	-1
1808	1751937	4	1	2	0	138588	0.455558	-1
1809	1752774	4	1	2	0	38534	0.184256	-1
1810	1753611	4	1	0	107	1022636	2.70177	1
1811	1754448	4	1	2	0	29040	0.155312	-1
1812	1755285	4	1	2	0	8588	0.124177	-1
1813	1756122	4	1	0	102	2623599	5.05411	1
1814	1756959	4	1	0	116	237914	0.761291	1
1815	1757796	4	1	2	0	349126	1.1663	-1
1816	1758633	4	1	2	0	14073	0.124413	-1
1817	1759470	4	1	2	0	19335	0.13878	-1
1818	1760307	4	1	0	105	419120	1.39642	1
1819	1761144	4	1	2	0	144527	0.590004	-1
1820	1761981	4	1	2	0	345039	1.15987	-1
1821	1762818	4	1	2	0	435680	1.59707	-1
1822	1763655	4	1	2	0	3972299	7.83083	-1
1823	1764492	4	1	2	0	171690	0.6173	-1
1824	1765329	4	1	2	0	700541	2.04606	-1
1825	1766166	4	1	0	111	301707	1.0576	1
1826	1767003	4	1	0	98	679523	1.79345	1
1827	1767840	4	1	2	0	335	0.120261	-1
1828	1768677	4	1	2	0	57429	0.252825	-1
1829	1769514	4	1	2	0	5469	0.121985	-1
1830	1770351	4	1	2	0	228601	0.711211	-1
1831	1771188	4	1	2	0	8169	0.124632	-1
1832	1772025	4	1	2	0	17322	0.121947	-1
1833	1772862	4	1	2	0	2198459	5.03222	-1
1834	1773699	4	1	0	106	165358	0.535434	1
1835	1774536	4	1	2	0	182313	0.637891	-1
1836	1775373	4	1	2	0	243586	0.865785	-1
1837	1776210	4	1	2	0	5167	0.124053	-1
1838	1777047	4	1	0	103	427081	1.33383	1
1839	1777884	4	1	0	104	1652837	3.43371	1
1840	1778721	4	1	2	0	717917	1.98549	-1
1841	1779558	4	1	0	106	112227	0.437576	1
1842	1780395	4	1	2	0	95750	0.367921	-1
1843	1781232	4	1	2	0	74446	0.312379	-1
1844	1782069	4	1	2	0	213244	0.656726	-1
1845	1782906	4	1	2	0	61652	0.256757	-1
1846	1783743	4	1	0	108	223736	0.869279	1
1847	1784580	4	1	0	116	315295	1.1318	1
1848	1785417	4	1	0	96	225125	0.656813	1
1849	1786254	4	1	0	103	387762	1.25087	1
1850	1787091	4	1	2	0	383790	1.30719	-1
1851	1787928	4	1	2	0	3703	0.127208	-1
1852	1788765	4	1	2	0	7154	0.12896	-1
1853	1789602	4	1	2	0	1672	0.120884	-1
1854	1790439	4	1	2	0	1119	0.120545	-1
1855	1791276	4	1	2	0	1909	0.119832	-1
1856	1792113	4	1	0	100	485761	1.30591	1
1857	1792950	4	1	2	0	15057	0.125731	-1
1858	1793787	4	1	2	0	26592	0.164951	-1
1859	1794624	4	1	2	0	35213	0.181422	-1
1860	1795461	4	1	2	0	90130	0.371413	-1
1861	1796298	4	1	2	0	639722	1.84591	-1
1862	1797135	4	1	2	0	57556	0.264716	-1
1863	1797972	4	1	2	0	28075	0.162757	-1
1864	1798809	4	1	2	0	4165	0.119754	-1
1865	1799646	4	1	2	0	7668	0.134861	-1
1866	1800483	4	1	2	0	51464	0.229573	-1
1867	1801320	4	1	2	0	4465	0.121646	-1
1868	1802157	4	1	0	114	2408471	6.38051	1
1869	1802994	4	1	2	0	13701	0.121638	-1
1870	1803831	4	1	2	0	333289	1.18132	-1
1871	1804668	4	1	2	0	398331	1.26666	-1
1872	1805505	4	1	2	0	159727	0.602077	-1
1873	1806342	4	1	0	106	1612142	3.54748	1
1874	1807179	4	1	2	0	9820	0.122731	-1
1875	1808016	4	1	2	0	409684	1.37079	-1
1876	1808853	4	1	0	100	456287	1.35002	1
1877	1809690	4	1	0	114	834532	2.20919	1
1878	1810527	4	1	2	0	3767771	8.70807	-1
1879	1811364	4	1	2	0	129451	0.509545	-1
1880	1812201	4	1	2	0	24315	0.145766	-1
1881	1813038	4	1	0	111	1079686	3.09695	1
1882	1813875	4	1	2	0	2986	0.119683	-1
1883	1814712	4	1	2	0	13451	0.124421	-1
1884	1815549	4	1	2	0	3761	0.123261	-1
1885	1816386	4	1	0	110	336779	1.12484	1
1886	1817223	4	1	2	0	1198	0.120785	-1
1887	1818060	4	1	2	0	18361	0.128165	-1
1888	1818897	4	1	2	0	1480100	3.55098	-1
1889	1819734	4	1	2	0	321504	1.0752	-1
1890	1820571	4	1	0	95	993367	2.2815	1
1891	1821408	4	1	2	0	423082	1.34256	-1
1892	1822245	4	1	0	103	601252	1.70384	1
1893	1823082	4	1	2	0	7454	0.12409	-1
1894	1823919	4	1	2	0	355	0.123292	-1
1895	1824756	4	1	0	107	176347	0.554235	1
1896	1825593	4	1	0	104	571381	1.67083	1
1897	1826430	4	1	0	104	309545	1.02328	1
1898	1827267	4	1	2	0	939	0.11991	-1
1899	1828104	4	1	2	0	23050	0.141291	-1
1900	1828941	4	1	2	0	112109	0.358565	-1
1901	1829778	4	1	0	107	530949	1.52819	1
1902	1830615	4	1	0	113	3347029	7.9024	1
1903	1831452	4	1	2	0	364457	1.26069	-1
1904	1832289	4	1	0	109	1425054	3.80946	1
1905	1833126	4	1	2	0	11142	0.12076	-1
1906	1833963	4	1	2	0	9476	0.122019	-1
1907	1834800	4	1	0	105	835105	2.22028	1
1908	1835637	4	1	0	103	558969	1.57267	1
1909	1836474	4	1	0	103	470425	1.3983	1
1910	1837311	4	1	2	0	88460	0.386256	-1
1911	1838148	4	1	2	0	144700	0.517205	-1
1912	1838985	4	1	2	0	7937	0.118441	-1
1913	1839822	4	1	2	0	109923	0.419855	-1
1914	1840659	4	1	0	102	883711	2.15509	1
1915	1841496	4	1	2	0	6069582	11.8708	-1
1916	1842333	4	1	2	0	22220	0.137401	-1
1917	1843170	4	1	0	94	277226	0.694032	1
1918	1844007	4	1	2	0	40396	0.207318	-1
1919	1844844	4	1	2	0	10405	0.126811	-1
1920	1845681	4	1	2	0	103274	0.421115	-1
1921	1846518	4	1	0	110	395395	1.34958	1
1922	1847355	4	1	0	110	622884	1.88884	1
1923	1848192	4	1	2	0	3638	0.121188	-1
1924	1849029	4	1	0	107	1129418	3.29478	1
1925	1849866	4	1	2	0	23756	0.137271	-1
1926	1850703	4	1	2	0	201510	0.94541	-1
1927	1851540	4	1	2	0	4574	0.129248	-1
1928	1852377	4	1	2	0	759	0.121889	-1
1929	1853214	4	1	0	98	2588007	5.4651	1
1930	1854051	4	1	2	0	41224	0.215523	-1
1931	1854888	4	1	2	0	6861	0.123964	-1
1932	1855725	4	1	2	0	3449	0.119849	-1
1933	1856562	4	1	2	0	9485	0.125883	-1
1934	1857399	4	1	2	0	97281	0.377204	-1
1935	1858236	4	1	2	0	192249	0.678265	-1
1936	1859073	4	1	0	102	974476	2.63042	1
1937	1859910	4	1	2	0	20831	0.126448	-1
1938	1860747	4	1	0	105	158661	0.523186	1
1939	1861584	4	1	0	104	101358	0.378931	1
1940	1862421	4	1	2	0	10920	0.12452	-1
1941	1863258	4	1	2	0	5830863	12.5297	-1
1942	1864095	4	1	0	111	136235	0.481696	1
1943	1864932	4	1	0	107	733379	2.27375	1
1944	1865769	4	1	0	100	440968	1.54597	1
1945	1866606	4	1	2	0	101701	0.364433	-1
1946	1867443	4	1	2	0	60719	0.250739	-1
1947	1868280	4	1	2	0	358784	1.20544	-1
1948	1869117	4	1	2	0	645122	2.01451	-1
1949	1869954	4	1	0	109	469099	1.54938	1
1950	1870791	4	1	2	0	9735	0.124842	-1
1951	1871628	4	1	0	104	27464	0.152457	1
1952	1872465	4	1	2	0	40306	0.197798	-1
1953	1873302	4	1	0	100	1036208	2.50612	1
1954	1874139	4	1	2	0	1096	0.117814	-1
1955	1874976	4	1	2	0	18875	0.125931	-1
1956	1875813	4	1	2	0	74204	0.27459	-1
1957	1876650	4	1	2	0	608837	1.97944	-1
1958	1877487	4	1	2	0	13295	0.129602	-1
1959	1878324	4	1	2	0	94458	0.372979	-1
1960	1879161	4	1	2	0	2717	0.123573	-1
1961	1879998	4	1	2	0	14178	0.125677	-1
1962	1880835	4	1	2	0	837	0.120532	-1
1963	1881672	4	1	2	0	1062	0.121134	-1
1964	1882509	4	1	2	0	2106399	7.13311	-1
1965	1883346	4	1	2	0	9901	0.136629	-1
1966	1884183	4	1	2	0	2554	0.134545	-1
1967	1885020	4	1	2	0	95580	0.772045	-1
1968	1885857	4	1	2	0	12266	0.133267	-1
1969	1886694	4	1	2	0	134824	0.814724	-1
1970	1887531	4	1	2	0	14534	0.182434	-1
1971	1888368	4	1	0	108	4118418	12.5293	1
1972	1889205	4	1	2	0	37525	0.195787	-1
1973	1890042	4	1	0	112	132316	0.560016	1
1974	1890879	4	1	2	0	2341644	6.27174	-1
1975	1891716	4	1	2	0	202873	0.789518	-1
1976	1892553	4	1	2	0	53194	0.248454	-1
1977	1893390	4	1	2	0	18834	0.133965	-1
1978	1894227	4	1	2	0	23059	0.13469	-1
1979	1895064	4	1	2	0	412538	1.61722	-1
1980	1895901	4	1	0	100	7550449	17.6868	1
1981	1896738	4	1	2	0	5219	0.122877	-1
1982	1897575	4	1	0	103	152887	0.558922	1
1983	1898412	4	1	2	0	1484209	4.22747	-1
1984	1899249	4	1	0	101	1244713	2.84392	1
1985	1900086	4	1	2	0	46043	0.242758	-1
1986	1900923	4	1	0	107	5001019	9.9532	1
1987	1901760	4	1	2	0	4659	0.11928	-1
1988	1902597	4	1	0	107	13422656	29.8326	1
1989	1903434	4	1	0	101	252619	0.775813	1
1990	1904271	4	1	0	104	1442967	3.88155	1
1991	1905108	4	1	0	99	36234	0.18167	1
1992	1905945	4	1	2	0	848138	2.44306	-1
1993	1906782	4	1	2	0	808386	2.8127	-1
1994	1907619	4	1	2	0	731	0.125974	-1
1995	1908456	4	1	2	0	85632	0.357729	-1
1996	1909293	4	1	2	0	180022	0.807285	-1
1997	1910130	4	1	2	0	4952	0.148147	-1
1998	1910967	4	1	2	0	5961	0.133563	-1
1999	1911804	4	1	2	0	222	0.129115	-1
2000	1912641	4	1	2	0	777461	2.48969	-1
